START EXECUTION
0 a:
+0000000000000-000000+000000-000000+000000-000000+000000-000+000000000-000000+000000-00000+0000000-000000
-000+00-00+00-0+000-00+00-00+0-000+00-00+00-0+000-00+00-00+0-000+00-00+00-0+000-00+00-00+0-000+00-00+00-0
+000-000+-000++--+-+0-000+000-+000--++-+-0+000-000+-000++--+-+0-000+000-+000--++-+-0+000-000+-000++--+-+0

+000000-+-+00000-+-000+000000-000000+0-+000-0+-000+-+0000-0+-+0-+000000-+-0+-0+0-+000-000000+-+0000-0+-00
 7 1 1 1 6 1 1 4 7 7 2 1 4 2 1 4 1 1 5 2 1 1 2 1 7 1 1 2 1 2 2 1 4 7 1 1 5 2 1 3

hello
