0
g2: 00-+0+-0000+-0000+-0000+-0-+0000-+0 000-+0000-+0+-0000+-0000+-0000+-0-+ 0000-+0000-+0000-+0+-0000+-0000+-00
g3: +000-0+-+-+-00+-000+0-+-+-+00-+000- 0+-+-+-00+-000+0-+-+-+00-+000-0+-+- +-00+-000+0-+-+-+00-+000-0+-+-+-00+
+ : +0-+-+0-+-+0-0+-0+-+0-+00-0+0-+0-+- 0+-00+-00000+-+0-+00-+0000000-+0-00 +-0000000+-0+-+-0+000000-+0-+-+0-0+

g1: 00000000000000000000-+0000000000000 00000000000000000000+-0000000000000 00000000000000000000-+0000000000000

F:  +0-+-+0-+-+0-0+-0+-+-0+00-0+0-+0-+- 0+-00+-00000+-+0-+00000000000-+0-00 +-0000000+-0+-+-0+00-+00-+0-+-+0-0+
     2 1 1 1 2 1 1 1 2 2 1 2 1 1 1 2 3 2 2 1 2 1 1 2 1 3 1 6 1 1 2 1 12 1 2 3 1 8 1 2 1 1 1 2 3 1 3 1 2 1 1 1 2 2

1
g2: +0+-0-+0000-+0000-+0+-0-+0+-0000+-0 000+-0-+0+-0-+0000-+0000-+0+-0-+0+- 0000+-0000+-0-+0+-0-+0000-+0000-+0+
g3: -000+0-+-+-+00-+000-0+-+-+-00+-000+ 0-+-+-+00-+000-0+-+-+-00+-000+0-+-+ -+00-+000-0+-+-+-00+-000+0-+-+-+00-
+ : 00+-+-0+-+-0+0-+0-+-+0-00+0-0+-0+-+ 0-+00-0+0000-+-0+-00+-00000+-+-0+00 -+0000000-+0-00+0-000000+-0+-+-0+00

g1: +-000000000000000000000000000000000 -+000000000000000000000000000000000 +-000000000000000000000000000000000

F:  +-+-+-0+-+-0+0-+0-+-+0-00+0-0+-0+-+ -0+00-0+0000-+-0+-00+-00000+-+-0+00 000000000-+0-00+0-000000+-0+-+-0+00
     1 1 1 1 1 2 1 1 1 2 2 1 2 1 1 1 2 3 2 2 1 2 1 1 1 2 3 2 5 1 1 2 1 3 1 6 1 1 1 2 12 1 2 3 2 7 1 2 1 1 1 2 3
