START EXECUTION
inter[0] is: 1
inter[70] is: 1
inter[35] is: 0
0
g2: 00-+0+-0000+-0000+-0000+-0-+0000-+0 000-+0000-+0+-0000+-0000+-0000+-0-+ 0000-+0000-+0000-+0+-0000+-0000+-00
g3: +000-0+-+-+-00+-000+0-+-+-+00-+000- 0+-+-+-00+-000+0-+-+-+00-+000-0+-+- +-00+-000+0-+-+-+00-+000-0+-+-+-00+
+ : +0-+-+0-+-+0-0+-0+-+0-+00-0+0-+0-+- 0+-00+-00000+-+0-+00-+0000000-+0-00 +-0000000+-0+-+-0+000000-+0-+-+0-0+

g1: 00000000000000000000-+0000000000000 00000000000000000000+-0000000000000 00000000000000000000-+0000000000000

F:  +0-+-+0-+-+0-0+-0+-+-0+00-0+0-+0-+- 0+-00+-00000+-+0-+00000000000-+0-00 +-0000000+-0+-+-0+00-+00-+0-+-+0-0+
     2 1 1 1 2 1 1 1 2 2 1 2 1 1 1 2 3 2 2 1 2 1 1 2 1 3 1 6 1 1 2 1 12 1 2 3 1 8 1 2 1 1 1 2 3 1 3 1 2 1 1 1 2 2

1
g2: 00-+0+-0000+-0000+-0000+-0-+0000-+0 000-+0000-+0+-0000+-0000+-0000+-0-+ 0000-+0000-+0000-+0+-0000+-0000+-00
g3: +000-0+-+-+-00+-000+0-+-+-+00-+000- 0+-+-+-00+-000+0-+-+-+00-+000-0+-+- +-00+-000+0-+-+-+00-+000-0+-+-+-00+
+ : +0-+-+0-+-+0-0+-0+-+0-+00-0+0-+0-+- 0+-00+-00000+-+0-+00-+0000000-+0-00 +-0000000+-0+-+-0+000000-+0-+-+0-0+

g1: 00000000000000000000000000000000000 00000000000000000000000000000000000 00000000000000000000000000000000000

F:  +0-+-+0-+-+0-0+-0+-+0-+00-0+0-+0-+- 0+-00+-00000+-+0-+00-+0000000-+0-00 +-0000000+-0+-+-0+000000-+0-+-+0-0+
     2 1 1 1 2 1 1 1 2 2 1 2 1 1 2 1 3 2 2 1 2 1 1 2 1 3 1 6 1 1 2 1 3 1 8 1 2 3 1 8 1 2 1 1 1 2 7 1 2 1 1 1 2 2

2
g2: 00-+0+-0000+-0000+-0000+-0-+0000-+0 000-+0000-+0+-0000+-0000+-0000+-0-+ 0000-+0000-+0000-+0+-0000+-0000+-00
g3: +000-0+-+-+-00+-000+0-+-+-+00-+000- 0+-+-+-00+-000+0-+-+-+00-+000-0+-+- +-00+-000+0-+-+-+00-+000-0+-+-+-00+
+ : +0-+-+0-+-+0-0+-0+-+0-+00-0+0-+0-+- 0+-00+-00000+-+0-+00-+0000000-+0-00 +-0000000+-0+-+-0+000000-+0-+-+0-0+

g1: 000000000000000+-000-+0000000000000 000000000000000-+000+-0000000000000 000000000000000+-000-+0000000000000

F:  +0-+-+0-+-+0-0+0-+-+-0+00-0+0-+0-+- 0+-00+-00000+-+-0+00000000000-+0-00 +-0000000+-0+-+0-+00-+00-+0-+-+0-0+
     2 1 1 1 2 1 1 1 2 2 2 1 1 1 1 2 3 2 2 1 2 1 1 2 1 3 1 6 1 1 1 2 12 1 2 3 1 8 1 2 1 1 2 1 3 1 3 1 2 1 1 1 2 2

3
g2: 00-+0+-0000+-0000+-0000+-0-+0000-+0 000-+0000-+0+-0000+-0000+-0000+-0-+ 0000-+0000-+0000-+0+-0000+-0000+-00
g3: +000-0+-+-+-00+-000+0-+-+-+00-+000- 0+-+-+-00+-000+0-+-+-+00-+000-0+-+- +-00+-000+0-+-+-+00-+000-0+-+-+-00+
+ : +0-+-+0-+-+0-0+-0+-+0-+00-0+0-+0-+- 0+-00+-00000+-+0-+00-+0000000-+0-00 +-0000000+-0+-+-0+000000-+0-+-+0-0+

g1: 000000000000000+-000000000000000000 000000000000000-+000000000000000000 000000000000000+-000000000000000000

F:  +0-+-+0-+-+0-0+0-+-+0-+00-0+0-+0-+- 0+-00+-00000+-+-0+00-+0000000-+0-00 +-0000000+-0+-+0-+000000-+0-+-+0-0+
     2 1 1 1 2 1 1 1 2 2 2 1 1 1 2 1 3 2 2 1 2 1 1 2 1 3 1 6 1 1 1 2 3 1 8 1 2 3 1 8 1 2 1 1 2 1 7 1 2 1 1 1 2 2

END RESULT IS: 5
all done
