0
++0-0+--0+0-++0-0+--0+0-++0-0+
0-0+0-0+0-0+0-0+0-0+0-0+0-0+0-
000000+00000-00000+00000-00000

+00000000000000000000000000000
 30

1
+00-+0-00+-0+00-+0-00+-0+00-+0
0-0+0-+00-0+0-0+-00+0-0+0-+00-
000000+00000-00000+00000-00000

+-00+-+000-+0-00000+00-+0-+-+-
 1 3 1 1 4 1 2 6 3 1 2 1 1 1 1

2
+00-+0-00+-0+00-+0-00+-0+00-+0
0-0+-0+00-0+0-+0-00+0-0+-0+00-
000000+00000-00000+00000-00000

+-0000+000-+0-+-000+00-+-0+-+-
 1 5 4 1 2 1 1 4 3 1 1 2 1 1 1

3
+00-+0-00+-0+00-+0-00+-0+00-+0
0-+00-+00-0+-00+-00+0-+00-+00-
000000+00000-00000+00000-00000

+-+-+-+000-+-000000+00000-+-+-
 1 1 1 1 1 1 4 1 1 7 6 1 1 1 1

4
+00-+0-00+-0+00-+0-00+-0+00-+0
0-+0-0+00-0+-0+0-00+0-+0-0+00-
000000+00000-00000+00000-00000

+-+-00+000-+-0+-000+0000-0+-+-
 1 1 1 3 4 1 1 2 1 4 5 2 1 1 1

5
+00000-00000+00000-00000+00000
000000000000000000000000000000
000000+00000-00000+00000-00000

+00000000000000000000000000000
 30

6
+-00+--+00-++-00+--+00-++-00+-
000000+-00000000-+00000000+-00
000000+00000-00000+00000-00000

+-00+-+000-+0-00000+00-+0-+-+-
 1 3 1 1 4 1 2 6 3 1 2 1 1 1 1

7
+-00+--+00-++-00+--+00-++-00+-
0000-++-000000+--+000000-++-00
000000+00000-00000+00000-00000

+-0000+000-+0-+-000+00-+-0+-+-
 1 5 4 1 2 1 1 4 3 1 1 2 1 1 1

8
+-00+--+00-++-00+--+00-++-00+-
00+-00+-0000-+00-+0000+-00+-00
000000+00000-00000+00000-00000

+-+-+-+000-+-000000+00000-+-+-
 1 1 1 1 1 1 4 1 1 7 6 1 1 1 1

9
+-00+--+00-++-00+--+00-++-00+-
00+--++-0000-++--+0000+--++-00
000000+00000-00000+00000-00000

+-+-00+000-+-0+-000+0000-0+-+-
 1 1 1 3 4 1 1 2 1 4 5 2 1 1 1

10
+-0+0--+0-0++-0+0--+0-0++-0+0-
0+0-0+0-0+0-0+0-0+0-0+0-0+0-0+
000000+00000-00000+00000-00000

+00000000000000000000000000000
 30

