+00-++-00+--+00-++-00+--+00-++
0-0+0-0+-00+0-0+0-+00-0+0-0+-0
+-00+0-+-+-0+-00+00000-0+-000+
 1 3 2 1 1 1 1 2 1 3 6 2 1 4

+00-++-00+--+00-++-00+--+00-++
0-0+0-+00-0+0-0+-00+0-0+0-+00-
+-00+00000-0+-000+-+00-0+-+-+0
 1 3 6 2 1 4 1 1 3 2 1 1 1 1 2

+00-++-00+--+00-++-00+--+00-++
0-0+0-+0-00+0-0+-0+00-0+0-+0-0
+-00+000-+-0+-000+0000-0+-+-0+
 1 3 4 1 1 2 1 4 5 2 1 1 1 2

+00-++-00+--+00-++-00+--+00-++
0-0+-00+0-0+0-+00-0+0-0+-00+0-
+-000+-+00-0+-+-+0-+00-00000+0
 1 4 1 1 3 2 1 1 1 1 2 1 3 6 2

+00-++-00+--+00-++-00+--+00-++
0-0+-00+-00+0-+00-+00-0+-00+-0
+-000+-+-+-0+-+-+00000-000000+
 1 4 1 1 1 1 1 2 1 1 1 1 6 7

+00-++-00+--+00-++-00+--+00-++
0-0+-0+00-0+0-+0-00+0-0+-0+00-
+-000+0000-0+-+-0+-+00-000+-+0
 1 4 5 2 1 1 1 2 1 1 3 4 1 1 2

+00-++-00+--+00-++-00+--+00-++
0-0+-0+0-00+0-+0-0+00-0+-0+0-0
+-000+00-+-0+-+-0+0000-000+-0+
 1 4 3 1 1 2 1 1 1 2 5 4 1 2

+00-++-00+--+00-++-00+--+00-++
0-+00-0+0-0+-00+0-0+0-+00-0+0-
+-+-+0-+00-00000+0-+000-+-00+0
 1 1 1 1 2 1 3 6 2 1 4 1 1 3 2

+00-++-00+--+00-++-00+--+00-++
0-+00-0+-00+-00+0-+00-+00-0+-0
+-+-+0-+-+-00000+000000-+-000+
 1 1 1 1 2 1 1 1 1 6 7 1 1 4

+00-++-00+--+00-++-00+--+00-++
0-+00-+00-0+-00+-00+0-+00-+00-
+-+-+00000-000000+-+000-+-+-+0
 1 1 1 1 6 7 1 1 4 1 1 1 1 1 2

+00-++-00+--+00-++-00+--+00-++
0-+00-+0-00+-00+-0+00-+00-+0-0
+-+-+000-+-000000+00000-+-+-0+
 1 1 1 1 4 1 1 7 6 1 1 1 1 2

+00-++-00+--+00-++-00+--+00-++
0-+0-00+0-0+-0+00-0+0-+0-00+0-
+-+-0+-+00-000+-+0-+000-0000+0
 1 1 1 2 1 1 3 4 1 1 2 1 4 5 2

+00-++-00+--+00-++-00+--+00-++
0-+0-00+-00+-0+00-+00-+0-00+-0
+-+-0+-+-+-000+-+000000-00000+
 1 1 1 2 1 1 1 1 1 4 1 1 7 6

+00-++-00+--+00-++-00+--+00-++
0-+0-0+00-0+-0+0-00+0-+0-0+00-
+-+-0+0000-000+-0+-+000-00+-+0
 1 1 1 2 5 4 1 2 1 1 4 3 1 1 2

+00-++-00+--+00-++-00+--+00-++
0-+0-0+0-00+-0+0-0+00-+0-0+0-0
+-+-0+00-+-000+-0+00000-00+-0+
 1 1 1 2 3 1 1 4 1 2 6 3 1 2

+0000+-0000-+0000+-0000-+0000+
0-0+0-0+-00+0-0+0-+00-0+0-0+-0
+-0+00-+-000+-0+00000-00+-0+-+
 1 2 3 1 1 4 1 2 6 3 1 2 1 1

+0000+-0000-+0000+-0000-+0000+
0-0+0-+00-0+0-0+-00+0-0+0-+00-
+-0+00000-00+-0+-+-+0-00+-+000
 1 2 6 3 1 2 1 1 1 1 2 3 1 1 4

+0000+-0000-+0000+-0000-+0000+
0-0+0-+0-00+0-0+-0+00-0+0-+0-0
+-0+0000-000+-0+-+000-00+-+0-+
 1 2 5 4 1 2 1 1 4 3 1 1 2 1

+0000+-0000-+0000+-0000-+0000+
0-0+-00+0-0+0-+00-0+0-0+-00+0-
+-0+-+-+0-00+-+000-+0-00000+00
 1 2 1 1 1 1 2 3 1 1 4 1 2 6 3

+0000+-0000-+0000+-0000-+0000+
0-0+-00+-00+0-+00-+00-0+-00+-0
+-0+-+-+-000+-+000000-00000+-+
 1 2 1 1 1 1 1 4 1 1 7 6 1 1    <-- Nice

+0000+-0000-+0000+-0000-+0000+
0-0+-0+00-0+0-+0-00+0-0+-0+00-
+-0+-+000-00+-+0-+-+0-0000+000
 1 2 1 1 4 3 1 1 2 1 1 1 2 5 4

+0000+-0000-+0000+-0000-+0000+
0-0+-0+0-00+0-+0-0+00-0+-0+0-0
+-0+-+00-000+-+0-+000-0000+0-+
 1 2 1 1 3 4 1 1 2 1 4 5 2 1

+0000+-0000-+0000+-0000-+0000+
0-+00-0+0-0+-00+0-0+0-+00-0+0-
+-+000-+0-00000+00-+0-+-+-0+00
 1 1 4 1 2 6 3 1 2 1 1 1 1 2 3

+0000+-0000-+0000+-0000-+0000+
0-+00-0+-00+-00+0-+00-+00-0+-0
+-+000-+-000000+00000-+-+-0+-+
 1 1 4 1 1 7 6 1 1 1 1 2 1 1

+0000+-0000-+0000+-0000-+0000+
0-+00-+00-0+-00+-00+0-+00-+00-
+-+000000-00000+-+-+0-+-+-+000
 1 1 7 6 1 1 1 1 2 1 1 1 1 1 4

+0000+-0000-+0000+-0000-+0000+
0-+00-+0-00+-00+-0+00-+00-+0-0
+-+00000-000000+-+000-+-+-+0-+
 1 1 6 7 1 1 4 1 1 1 1 1 2 1

+0000+-0000-+0000+-0000-+0000+
0-+0-00+0-0+-0+00-0+0-+0-00+0-
+-+0-+-+0-0000+000-+0-+-000+00
 1 1 2 1 1 1 2 5 4 1 2 1 1 4 3

+0000+-0000-+0000+-0000-+0000+
0-+0-00+-00+-0+00-+00-+0-00+-0
+-+0-+-+-00000+000000-+-000+-+
 1 1 2 1 1 1 1 6 7 1 1 4 1 1

+0000+-0000-+0000+-0000-+0000+
0-+0-0+00-0+-0+0-00+0-+0-0+00-
+-+0-+000-0000+0-+-+0-+-00+000
 1 1 2 1 4 5 2 1 1 1 2 1 1 3 4

+0000+-0000-+0000+-0000-+0000+
0-+0-0+0-00+-0+0-0+00-+0-0+0-0
+-+0-+00-00000+0-+000-+-00+0-+
 1 1 2 1 3 6 2 1 4 1 1 3 2 1

++-00+--+00-++-00+--+00-++-00+
0-0+0-0+-00+0-0+0-+00-0+0-0+-0
+0-+00-00000+0-+000-+-00+0-+-+
 2 1 3 6 2 1 4 1 1 3 2 1 1 1

++-00+--+00-++-00+--+00-++-00+
0-0+0-+00-0+0-0+-00+0-0+0-+00-
+0-+000-+-00+0-+-+-0+-00+00000
 2 1 4 1 1 3 2 1 1 1 1 2 1 3 6

++-00+--+00-++-00+--+00-++-00+
0-0+0-+0-00+0-0+-0+00-0+0-+0-0
+0-+000-0000+0-+-+0-+-00+000-+
 2 1 4 5 2 1 1 1 2 1 1 3 4 1

++-00+--+00-++-00+--+00-++-00+
0-0+-00+0-0+0-+00-0+0-0+-00+0-
+0-+-+-0+-00+00000-0+-000+-+00
 2 1 1 1 1 2 1 3 6 2 1 4 1 1 3

++-00+--+00-++-00+--+00-++-00+
0-0+-00+-00+0-+00-+00-0+-00+-0
+0-+-+-00000+000000-+-000+-+-+
 2 1 1 1 1 6 7 1 1 4 1 1 1 1

++-00+--+00-++-00+--+00-++-00+
0-0+-0+00-0+0-+0-00+0-0+-0+00-
+0-+-+0-+-00+000-+-0+-000+0000
 2 1 1 1 2 1 1 3 4 1 1 2 1 4 5

++-00+--+00-++-00+--+00-++-00+
0-0+-0+0-00+0-+0-0+00-0+-0+0-0
+0-+-+0-0000+000-+0-+-000+00-+
 2 1 1 1 2 5 4 1 2 1 1 4 3 1

++-00+--+00-++-00+--+00-++-00+
0-+00-0+0-0+-00+0-0+0-+00-0+0-
+00000-0+-000+-+00-0+-+-+0-+00
 6 2 1 4 1 1 3 2 1 1 1 1 2 1 3

++-00+--+00-++-00+--+00-++-00+
0-+00-0+-00+-00+0-+00-+00-0+-0
+00000-000000+-+000-+-+-+0-+-+
 6 7 1 1 4 1 1 1 1 1 2 1 1 1

++-00+--+00-++-00+--+00-++-00+
0-+00-+00-0+-00+-00+0-+00-+00-
+000000-+-000+-+-+-0+-+-+00000
 7 1 1 4 1 1 1 1 1 2 1 1 1 1 6

++-00+--+00-++-00+--+00-++-00+
0-+00-+0-00+-00+-0+00-+00-+0-0
+000000-00000+-+-+0-+-+-+000-+
 7 6 1 1 1 1 2 1 1 1 1 1 4 1

++-00+--+00-++-00+--+00-++-00+
0-+0-00+0-0+-0+00-0+0-+0-00+0-
+000-+-0+-000+0000-0+-+-0+-+00
 4 1 1 2 1 4 5 2 1 1 1 2 1 1 3

++-00+--+00-++-00+--+00-++-00+
0-+0-00+-00+-0+00-+00-+0-00+-0
+000-+-000000+00000-+-+-0+-+-+
 4 1 1 7 6 1 1 1 1 2 1 1 1 1

++-00+--+00-++-00+--+00-++-00+
0-+0-0+00-0+-0+0-00+0-+0-0+00-
+000-+0-+-000+00-+-0+-+-0+0000
 4 1 2 1 1 4 3 1 1 2 1 1 1 2 5

++-00+--+00-++-00+--+00-++-00+
0-+0-0+0-00+-0+0-0+00-+0-0+0-0
+000-+0-00000+00-+0-+-+-0+00-+
 4 1 2 6 3 1 2 1 1 1 1 2 3 1

+0-00+-0+00-+0-00+-0+00-+0-00+
0000000+-00000000-+00000000+-0
+0-00+-+000-+0-00000+00-+0-+-+
 2 3 1 1 4 1 2 6 3 1 2 1 1 1

+0-00+-0+00-+0-00+-0+00-+0-00+
00000-+00000000+-00000000-+000
+0-00000+00-+0-+-+-0+00-+-000+
 2 6 3 1 2 1 1 1 1 2 3 1 1 4

+0-00+-0+00-+0-00+-0+00-+0-00+
00000-++-000000+--+000000-++-0
+0-0000+000-+0-+-000+00-+-0+-+
 2 5 4 1 2 1 1 4 3 1 1 2 1 1

+0-00+-0+00-+0-00+-0+00-+0-00+
000+-00000000-+00000000+-00000
+0-+-+-0+00-+-000+-0+00000-00+
 2 1 1 1 1 2 3 1 1 4 1 2 6 3

+0-00+-0+00-+0-00+-0+00-+0-00+
000+-00+-0000-+00-+0000+-00+-0
+0-+-+-+000-+-000000+00000-+-+
 2 1 1 1 1 1 4 1 1 7 6 1 1 1

+0-00+-0+00-+0-00+-0+00-+0-00+
000+--+000000-++-000000+--+000
+0-+-000+00-+-0+-+-0+0000-000+
 2 1 1 4 3 1 1 2 1 1 1 2 5 4

+0-00+-0+00-+0-00+-0+00-+0-00+
000+--++-0000-++--+0000+--++-0
+0-+-00+000-+-0+-000+0000-0+-+
 2 1 1 3 4 1 1 2 1 4 5 2 1 1

+0-00+-0+00-+0-00+-0+00-+0-00+
0-+00000000+-00000000-+0000000
+-000+-0+00000-00+-0+-+-+0-00+
 1 4 1 2 6 3 1 2 1 1 1 1 2 3

+0-00+-0+00-+0-00+-0+00-+0-00+
0-+0000+-00+-0000-+00-+0000+-0
+-000+-+000000-00000+-+-+0-+-+
 1 4 1 1 7 6 1 1 1 1 2 1 1 1

+0-00+-0+00-+0-00+-0+00-+0-00+
0-+00-+0000+-00+-0000-+00-+000
+-000000+00000-+-+-0+-+-+-000+
 1 7 6 1 1 1 1 2 1 1 1 1 1 4

+0-00+-0+00-+0-00+-0+00-+0-00+
0-+00-++-00+-00+--+00-+00-++-0
+-00000+000000-+-000+-+-+-0+-+
 1 6 7 1 1 4 1 1 1 1 1 2 1 1

+0-00+-0+00-+0-00+-0+00-+0-00+
0-++-000000+--+000000-++-00000
+-0+-+-0+0000-000+-0+-+000-00+
 1 2 1 1 1 2 5 4 1 2 1 1 4 3

+0-00+-0+00-+0-00+-0+00-+0-00+
0-++-00+-00+--+00-+00-++-00+-0
+-0+-+-+00000-000000+-+000-+-+
 1 2 1 1 1 1 6 7 1 1 4 1 1 1

+0-00+-0+00-+0-00+-0+00-+0-00+
0-++--+0000+--++-0000-++--+000
+-0+-000+0000-0+-+-0+-+00-000+
 1 2 1 4 5 2 1 1 1 2 1 1 3 4

+0-00+-0+00-+0-00+-0+00-+0-00+
0-++--++-00+--++--+00-++--++-0
+-0+-00+00000-0+-000+-+00-0+-+
 1 2 1 3 6 2 1 4 1 1 3 2 1 1

+00-0+-00+0-+00-0+-00+0-+00-0+
0000000+-00000000-+00000000+-0
+00-0+-+-+0-+00-00000+0-+000-+
 3 2 1 1 1 1 2 1 3 6 2 1 4 1

+00-0+-00+0-+00-0+-00+0-+00-0+
00000-+00000000+-00000000-+000
+00-00000+0-+000-+-00+0-+-+-0+
 3 6 2 1 4 1 1 3 2 1 1 1 1 2

+00-0+-00+0-+00-0+-00+0-+00-0+
00000-++-000000+--+000000-++-0
+00-000+-+0-+000-0000+0-+-+0-+
 3 4 1 1 2 1 4 5 2 1 1 1 2 1

+00-0+-00+0-+00-0+-00+0-+00-0+
000+-00000000-+00000000+-00000
+000-+-00+0-+-+-0+-00+00000-0+
 4 1 1 3 2 1 1 1 1 2 1 3 6 2

+00-0+-00+0-+00-0+-00+0-+00-0+
000+-00+-0000-+00-+0000+-00+-0
+000-+-+-+0-+-+-00000+000000-+
 4 1 1 1 1 1 2 1 1 1 1 6 7 1

+00-0+-00+0-+00-0+-00+0-+00-0+
000+--+000000-++-000000+--+000
+000-0000+0-+-+0-+-00+000-+-0+
 4 5 2 1 1 1 2 1 1 3 4 1 1 2

+00-0+-00+0-+00-0+-00+0-+00-0+
000+--++-0000-++--+0000+--++-0
+000-00+-+0-+-+0-0000+000-+0-+
 4 3 1 1 2 1 1 1 2 5 4 1 2 1

+00-0+-00+0-+00-0+-00+0-+00-0+
0-+00000000+-00000000-+0000000
+-+-0+-00+00000-0+-000+-+00-0+
 1 1 1 2 1 3 6 2 1 4 1 1 3 2

+00-0+-00+0-+00-0+-00+0-+00-0+
0-+0000+-00+-0000-+00-+0000+-0
+-+-0+-+-+00000-000000+-+000-+
 1 1 1 2 1 1 1 1 6 7 1 1 4 1

+00-0+-00+0-+00-0+-00+0-+00-0+
0-+00-+0000+-00+-0000-+00-+000
+-+-00000+000000-+-000+-+-+-0+
 1 1 1 6 7 1 1 4 1 1 1 1 1 2

+00-0+-00+0-+00-0+-00+0-+00-0+
0-+00-++-00+-00+--+00-+00-++-0
+-+-000+-+000000-00000+-+-+0-+
 1 1 1 4 1 1 7 6 1 1 1 1 2 1

+00-0+-00+0-+00-0+-00+0-+00-0+
0-++-000000+--+000000-++-00000
+-+0-+-00+000-+-0+-000+0000-0+
 1 1 2 1 1 3 4 1 1 2 1 4 5 2

+00-0+-00+0-+00-0+-00+0-+00-0+
0-++-00+-00+--+00-+00-++-00+-0
+-+0-+-+-+000-+-000000+00000-+
 1 1 2 1 1 1 1 1 4 1 1 7 6 1

+00-0+-00+0-+00-0+-00+0-+00-0+
0-++--+0000+--++-0000-++--+000
+-+0-0000+000-+0-+-000+00-+-0+
 1 1 2 5 4 1 2 1 1 4 3 1 1 2

+00-0+-00+0-+00-0+-00+0-+00-0+
0-++--++-00+--++--+00-++--++-0
+-+0-00+-+000-+0-00000+00-+0-+
 1 1 2 3 1 1 4 1 2 6 3 1 2 1

+-00+0-+00-0+-00+0-+00-0+-00+0
00000000-+00000000+-00000000-+
+-00+0-+-+-0+-00+00000-0+-000+
 1 3 2 1 1 1 1 2 1 3 6 2 1 4

+-00+0-+00-0+-00+0-+00-0+-00+0
000000+-00000000-+00000000+-00
+-00+00000-0+-000+-+00-0+-+-+0
 1 3 6 2 1 4 1 1 3 2 1 1 1 1 2

+-00+0-+00-0+-00+0-+00-0+-00+0
000000+--+000000-++-000000+--+
+-00+000-+-0+-000+0000-0+-+-0+
 1 3 4 1 1 2 1 4 5 2 1 1 1 2

+-00+0-+00-0+-00+0-+00-0+-00+0
0000-+00000000+-00000000-+0000
+-000+-+00-0+-+-+0-+00-00000+0
 1 4 1 1 3 2 1 1 1 1 2 1 3 6 2

+-00+0-+00-0+-00+0-+00-0+-00+0
0000-+00-+0000+-00+-0000-+00-+
+-000+-+-+-0+-+-+00000-000000+
 1 4 1 1 1 1 1 2 1 1 1 1 6 7

+-00+0-+00-0+-00+0-+00-0+-00+0
0000-++-000000+--+000000-++-00
+-000+0000-0+-+-0+-+00-000+-+0
 1 4 5 2 1 1 1 2 1 1 3 4 1 1 2

+-00+0-+00-0+-00+0-+00-0+-00+0
0000-++--+0000+--++-0000-++--+
+-000+00-+-0+-+-0+0000-000+-0+
 1 4 3 1 1 2 1 1 1 2 5 4 1 2

+-00+0-+00-0+-00+0-+00-0+-00+0
00+-00000000-+00000000+-000000
+-+-+0-+00-00000+0-+000-+-00+0
 1 1 1 1 2 1 3 6 2 1 4 1 1 3 2

+-00+0-+00-0+-00+0-+00-0+-00+0
00+-0000-+00-+0000+-00+-0000-+
+-+-+0-+-+-00000+000000-+-000+
 1 1 1 1 2 1 1 1 1 6 7 1 1 4

+-00+0-+00-0+-00+0-+00-0+-00+0
00+-00+-0000-+00-+0000+-00+-00
+-+-+00000-000000+-+000-+-+-+0
 1 1 1 1 6 7 1 1 4 1 1 1 1 1 2

+-00+0-+00-0+-00+0-+00-0+-00+0
00+-00+--+00-+00-++-00+-00+--+
+-+-+000-+-000000+00000-+-+-0+
 1 1 1 1 4 1 1 7 6 1 1 1 1 2

+-00+0-+00-0+-00+0-+00-0+-00+0
00+--+000000-++-000000+--+0000
+-+-0+-+00-000+-+0-+000-0000+0
 1 1 1 2 1 1 3 4 1 1 2 1 4 5 2

+-00+0-+00-0+-00+0-+00-0+-00+0
00+--+00-+00-++-00+-00+--+00-+
+-+-0+-+-+-000+-+000000-00000+
 1 1 1 2 1 1 1 1 1 4 1 1 7 6

+-00+0-+00-0+-00+0-+00-0+-00+0
00+--++-0000-++--+0000+--++-00
+-+-0+0000-000+-0+-+000-00+-+0
 1 1 1 2 5 4 1 2 1 1 4 3 1 1 2

+-00+0-+00-0+-00+0-+00-0+-00+0
00+--++--+00-++--++-00+--++--+
+-+-0+00-+-000+-0+00000-00+-0+
 1 1 1 2 3 1 1 4 1 2 6 3 1 2

+00-+0-00+-0+00-+0-00+-0+00-+0
0000000+-00000000-+00000000+-0
+00-+0-+-+-0+00-+-000+-0+00000
 3 1 2 1 1 1 1 2 3 1 1 4 1 2 6

+00-+0-00+-0+00-+0-00+-0+00-+0
00000-+00000000+-00000000-+000
+00-+-000+-0+00000-00+-0+-+-+0
 3 1 1 4 1 2 6 3 1 2 1 1 1 1 2

+00-+0-00+-0+00-+0-00+-0+00-+0
00000-++-000000+--+000000-++-0
+00-+-0+-+-0+0000-000+-0+-+000
 3 1 1 2 1 1 1 2 5 4 1 2 1 1 4

+00-+0-00+-0+00-+0-00+-0+00-+0
000+-00000000-+00000000+-00000
+00000-00+-0+-+-+0-00+-+000-+0
 6 3 1 2 1 1 1 1 2 3 1 1 4 1 2

+00-+0-00+-0+00-+0-00+-0+00-+0
000+-00+-0000-+00-+0000+-00+-0
+00000-+-+-0+-+-+-000+-+000000
 6 1 1 1 1 2 1 1 1 1 1 4 1 1 7

+00-+0-00+-0+00-+0-00+-0+00-+0
000+--+000000-++-000000+--+000
+0000-000+-0+-+000-00+-+0-+-+0
 5 4 1 2 1 1 4 3 1 1 2 1 1 1 2

+00-+0-00+-0+00-+0-00+-0+00-+0
000+--++-0000-++--+0000+--++-0
+0000-0+-+-0+-+00-000+-+0-+000
 5 2 1 1 1 2 1 1 3 4 1 1 2 1 4

+00-+0-00+-0+00-+0-00+-0+00-+0
0-+00000000+-00000000-+0000000
+-+-+0-00+-+000-+0-00000+00-+0
 1 1 1 1 2 3 1 1 4 1 2 6 3 1 2

+00-+0-00+-0+00-+0-00+-0+00-+0
0-+0000+-00+-0000-+00-+0000+-0
+-+-+0-+-+-+000-+-000000+00000
 1 1 1 1 2 1 1 1 1 1 4 1 1 7 6

+00-+0-00+-0+00-+0-00+-0+00-+0
0-+00-+0000+-00+-0000-+00-+000
+-+-+-000+-+000000-00000+-+-+0
 1 1 1 1 1 4 1 1 7 6 1 1 1 1 2

+00-+0-00+-0+00-+0-00+-0+00-+0
0-+00-++-00+-00+--+00-+00-++-0
+-+-+-0+-+-+00000-000000+-+000
 1 1 1 1 1 2 1 1 1 1 6 7 1 1 4

+00-+0-00+-0+00-+0-00+-0+00-+0
0-++-000000+--+000000-++-00000
+-+000-00+-+0-+-+0-0000+000-+0
 1 1 4 3 1 1 2 1 1 1 2 5 4 1 2

+00-+0-00+-0+00-+0-00+-0+00-+0
0-++-00+-00+--+00-+00-++-00+-0
+-+000-+-+-+0-+-+-00000+000000
 1 1 4 1 1 1 1 1 2 1 1 1 1 6 7

+00-+0-00+-0+00-+0-00+-0+00-+0
0-++--+0000+--++-0000-++--+000
+-+00-000+-+0-+000-0000+0-+-+0
 1 1 3 4 1 1 2 1 4 5 2 1 1 1 2

+00-+0-00+-0+00-+0-00+-0+00-+0
0-++--++-00+--++--+00-++--++-0
+-+00-0+-+-+0-+00-00000+0-+000
 1 1 3 2 1 1 1 1 2 1 3 6 2 1 4

+-0+00-+0-00+-0+00-+0-00+-0+00
00000000-+00000000+-00000000-+
+-0+00-+-000+-0+00000-00+-0+-+
 1 2 3 1 1 4 1 2 6 3 1 2 1 1

+-0+00-+0-00+-0+00-+0-00+-0+00
000000+-00000000-+00000000+-00
+-0+00000-00+-0+-+-+0-00+-+000
 1 2 6 3 1 2 1 1 1 1 2 3 1 1 4

+-0+00-+0-00+-0+00-+0-00+-0+00
000000+--+000000-++-000000+--+
+-0+0000-000+-0+-+000-00+-+0-+
 1 2 5 4 1 2 1 1 4 3 1 1 2 1

+-0+00-+0-00+-0+00-+0-00+-0+00
0000-+00000000+-00000000-+0000
+-0+-+-+0-00+-+000-+0-00000+00
 1 2 1 1 1 1 2 3 1 1 4 1 2 6 3

+-0+00-+0-00+-0+00-+0-00+-0+00
0000-+00-+0000+-00+-0000-+00-+
+-0+-+-+-000+-+000000-00000+-+
 1 2 1 1 1 1 1 4 1 1 7 6 1 1

+-0+00-+0-00+-0+00-+0-00+-0+00
0000-++-000000+--+000000-++-00
+-0+-+000-00+-+0-+-+0-0000+000
 1 2 1 1 4 3 1 1 2 1 1 1 2 5 4

+-0+00-+0-00+-0+00-+0-00+-0+00
0000-++--+0000+--++-0000-++--+
+-0+-+00-000+-+0-+000-0000+0-+
 1 2 1 1 3 4 1 1 2 1 4 5 2 1

+-0+00-+0-00+-0+00-+0-00+-0+00
00+-00000000-+00000000+-000000
+-+000-+0-00000+00-+0-+-+-0+00
 1 1 4 1 2 6 3 1 2 1 1 1 1 2 3

+-0+00-+0-00+-0+00-+0-00+-0+00
00+-0000-+00-+0000+-00+-0000-+
+-+000-+-000000+00000-+-+-0+-+
 1 1 4 1 1 7 6 1 1 1 1 2 1 1

+-0+00-+0-00+-0+00-+0-00+-0+00
00+-00+-0000-+00-+0000+-00+-00
+-+000000-00000+-+-+0-+-+-+000
 1 1 7 6 1 1 1 1 2 1 1 1 1 1 4

+-0+00-+0-00+-0+00-+0-00+-0+00
00+-00+--+00-+00-++-00+-00+--+
+-+00000-000000+-+000-+-+-+0-+
 1 1 6 7 1 1 4 1 1 1 1 1 2 1

+-0+00-+0-00+-0+00-+0-00+-0+00
00+--+000000-++-000000+--+0000
+-+0-+-+0-0000+000-+0-+-000+00
 1 1 2 1 1 1 2 5 4 1 2 1 1 4 3

+-0+00-+0-00+-0+00-+0-00+-0+00
00+--+00-+00-++-00+-00+--+00-+
+-+0-+-+-00000+000000-+-000+-+
 1 1 2 1 1 1 1 6 7 1 1 4 1 1

+-0+00-+0-00+-0+00-+0-00+-0+00
00+--++-0000-++--+0000+--++-00
+-+0-+000-0000+0-+-+0-+-00+000
 1 1 2 1 4 5 2 1 1 1 2 1 1 3 4

+-0+00-+0-00+-0+00-+0-00+-0+00
00+--++--+00-++--++-00+--++--+
+-+0-+00-00000+0-+000-+-00+0-+
 1 1 2 1 3 6 2 1 4 1 1 3 2 1

+0-+00-0+-00+0-+00-0+-00+0-+00
00000000-+00000000+-00000000-+
+0-+00-00000+0-+000-+-00+0-+-+
 2 1 3 6 2 1 4 1 1 3 2 1 1 1

+0-+00-0+-00+0-+00-0+-00+0-+00
000000+-00000000-+00000000+-00
+0-+000-+-00+0-+-+-0+-00+00000
 2 1 4 1 1 3 2 1 1 1 1 2 1 3 6

+0-+00-0+-00+0-+00-0+-00+0-+00
000000+--+000000-++-000000+--+
+0-+000-0000+0-+-+0-+-00+000-+
 2 1 4 5 2 1 1 1 2 1 1 3 4 1

+0-+00-0+-00+0-+00-0+-00+0-+00
0000-+00000000+-00000000-+0000
+0-+-+-0+-00+00000-0+-000+-+00
 2 1 1 1 1 2 1 3 6 2 1 4 1 1 3

+0-+00-0+-00+0-+00-0+-00+0-+00
0000-+00-+0000+-00+-0000-+00-+
+0-+-+-00000+000000-+-000+-+-+
 2 1 1 1 1 6 7 1 1 4 1 1 1 1

+0-+00-0+-00+0-+00-0+-00+0-+00
0000-++-000000+--+000000-++-00
+0-+-+0-+-00+000-+-0+-000+0000
 2 1 1 1 2 1 1 3 4 1 1 2 1 4 5

+0-+00-0+-00+0-+00-0+-00+0-+00
0000-++--+0000+--++-0000-++--+
+0-+-+0-0000+000-+0-+-000+00-+
 2 1 1 1 2 5 4 1 2 1 1 4 3 1

+0-+00-0+-00+0-+00-0+-00+0-+00
00+-00000000-+00000000+-000000
+00000-0+-000+-+00-0+-+-+0-+00
 6 2 1 4 1 1 3 2 1 1 1 1 2 1 3

+0-+00-0+-00+0-+00-0+-00+0-+00
00+-0000-+00-+0000+-00+-0000-+
+00000-000000+-+000-+-+-+0-+-+
 6 7 1 1 4 1 1 1 1 1 2 1 1 1

+0-+00-0+-00+0-+00-0+-00+0-+00
00+-00+-0000-+00-+0000+-00+-00
+000000-+-000+-+-+-0+-+-+00000
 7 1 1 4 1 1 1 1 1 2 1 1 1 1 6

+0-+00-0+-00+0-+00-0+-00+0-+00
00+-00+--+00-+00-++-00+-00+--+
+000000-00000+-+-+0-+-+-+000-+
 7 6 1 1 1 1 2 1 1 1 1 1 4 1

+0-+00-0+-00+0-+00-0+-00+0-+00
00+--+000000-++-000000+--+0000
+000-+-0+-000+0000-0+-+-0+-+00
 4 1 1 2 1 4 5 2 1 1 1 2 1 1 3

+0-+00-0+-00+0-+00-0+-00+0-+00
00+--+00-+00-++-00+-00+--+00-+
+000-+-000000+00000-+-+-0+-+-+
 4 1 1 7 6 1 1 1 1 2 1 1 1 1

+0-+00-0+-00+0-+00-0+-00+0-+00
00+--++-0000-++--+0000+--++-00
+000-+0-+-000+00-+-0+-+-0+0000
 4 1 2 1 1 4 3 1 1 2 1 1 1 2 5

+0-+00-0+-00+0-+00-0+-00+0-+00
00+--++--+00-++--++-00+--++--+
+000-+0-00000+00-+0-+-+-0+00-+
 4 1 2 6 3 1 2 1 1 1 1 2 3 1

+--+00-++-00+--+00-++-00+--+00
00+0-0+0-+00-0+0-0+-00+0-0+0-+
+-0+-00+00000-0+-000+-+00-0+-+
 1 2 1 3 6 2 1 4 1 1 3 2 1 1

+--+00-++-00+--+00-++-00+--+00
00+0-0+-0+00-0+0-+0-00+0-0+-0+
+-0+-000+0000-0+-+-0+-+00-000+
 1 2 1 4 5 2 1 1 1 2 1 1 3 4

+--+00-++-00+--+00-++-00+--+00
00+0-+00-+00-0+-00+-00+0-+00-+
+-0+-+-+00000-000000+-+000-+-+
 1 2 1 1 1 1 6 7 1 1 4 1 1 1

+--+00-++-00+--+00-++-00+--+00
00+0-+0-0+00-0+-0+0-00+0-+0-0+
+-0+-+-0+0000-000+-0+-+000-00+
 1 2 1 1 1 2 5 4 1 2 1 1 4 3

+--+00-++-00+--+00-++-00+--+00
00+-00+0-+00-+00-0+-00+-00+0-+
+-00000+000000-+-000+-+-+-0+-+
 1 6 7 1 1 4 1 1 1 1 1 2 1 1

+--+00-++-00+--+00-++-00+--+00
00+-00+-0+00-+00-+0-00+-00+-0+
+-000000+00000-+-+-0+-+-+-000+
 1 7 6 1 1 1 1 2 1 1 1 1 1 4

+--+00-++-00+--+00-++-00+--+00
00+-0+00-+00-+0-00+-00+-0+00-+
+-000+-+000000-00000+-+-+0-+-+
 1 4 1 1 7 6 1 1 1 1 2 1 1 1

+--+00-++-00+--+00-++-00+--+00
00+-0+0-0+00-+0-0+0-00+-0+0-0+
+-000+-0+00000-00+-0+-+-+0-00+
 1 4 1 2 6 3 1 2 1 1 1 1 2 3

+--+00-++-00+--+00-++-00+--+00
0+00-0+0-+0-00+0-0+-0+00-0+0-+
+0-+-00+000-+-0+-000+0000-0+-+
 2 1 1 3 4 1 1 2 1 4 5 2 1 1

+--+00-++-00+--+00-++-00+--+00
0+00-0+-0+0-00+0-+0-0+00-0+-0+
+0-+-000+00-+-0+-+-0+0000-000+
 2 1 1 4 3 1 1 2 1 1 1 2 5 4

+--+00-++-00+--+00-++-00+--+00
0+00-+00-+0-00+-00+-0+00-+00-+
+0-+-+-+000-+-000000+00000-+-+
 2 1 1 1 1 1 4 1 1 7 6 1 1 1

+--+00-++-00+--+00-++-00+--+00
0+00-+0-0+0-00+-0+0-0+00-+0-0+
+0-+-+-0+00-+-000+-0+00000-00+
 2 1 1 1 1 2 3 1 1 4 1 2 6 3

+--+00-++-00+--+00-++-00+--+00
0+0-00+0-+0-0+00-0+-0+0-00+0-+
+0-0000+000-+0-+-000+00-+-0+-+
 2 5 4 1 2 1 1 4 3 1 1 2 1 1

+--+00-++-00+--+00-++-00+--+00
0+0-00+-0+0-0+00-+0-0+0-00+-0+
+0-00000+00-+0-+-+-0+00-+-000+
 2 6 3 1 2 1 1 1 1 2 3 1 1 4

+--+00-++-00+--+00-++-00+--+00
0+0-0+00-+0-0+0-00+-0+0-0+00-+
+0-00+-+000-+0-00000+00-+0-+-+
 2 3 1 1 4 1 2 6 3 1 2 1 1 1

+-0000-+0000+-0000-+0000+-0000
00+0-0+0-+00-0+0-0+-00+0-0+0-+
+-+0-00+-+000-+0-00000+00-+0-+
 1 1 2 3 1 1 4 1 2 6 3 1 2 1

+-0000-+0000+-0000-+0000+-0000
00+0-0+-0+00-0+0-+0-00+0-0+-0+
+-+0-0000+000-+0-+-000+00-+-0+
 1 1 2 5 4 1 2 1 1 4 3 1 1 2

+-0000-+0000+-0000-+0000+-0000
00+0-+00-+00-0+-00+-00+0-+00-+
+-+0-+-+-+000-+-000000+00000-+
 1 1 2 1 1 1 1 1 4 1 1 7 6 1

+-0000-+0000+-0000-+0000+-0000
00+0-+0-0+00-0+-0+0-00+0-+0-0+
+-+0-+-00+000-+-0+-000+0000-0+
 1 1 2 1 1 3 4 1 1 2 1 4 5 2

+-0000-+0000+-0000-+0000+-0000
00+-00+0-+00-+00-0+-00+-00+0-+
+-+-000+-+000000-00000+-+-+0-+
 1 1 1 4 1 1 7 6 1 1 1 1 2 1

+-0000-+0000+-0000-+0000+-0000
00+-00+-0+00-+00-+0-00+-00+-0+
+-+-00000+000000-+-000+-+-+-0+
 1 1 1 6 7 1 1 4 1 1 1 1 1 2

+-0000-+0000+-0000-+0000+-0000
00+-0+00-+00-+0-00+-00+-0+00-+
+-+-0+-+-+00000-000000+-+000-+
 1 1 1 2 1 1 1 1 6 7 1 1 4 1

+-0000-+0000+-0000-+0000+-0000
00+-0+0-0+00-+0-0+0-00+-0+0-0+
+-+-0+-00+00000-0+-000+-+00-0+
 1 1 1 2 1 3 6 2 1 4 1 1 3 2

+-0000-+0000+-0000-+0000+-0000
0+00-0+0-+0-00+0-0+-0+00-0+0-+
+000-00+-+0-+-+0-0000+000-+0-+
 4 3 1 1 2 1 1 1 2 5 4 1 2 1

+-0000-+0000+-0000-+0000+-0000
0+00-0+-0+0-00+0-+0-0+00-0+-0+
+000-0000+0-+-+0-+-00+000-+-0+
 4 5 2 1 1 1 2 1 1 3 4 1 1 2

+-0000-+0000+-0000-+0000+-0000
0+00-+00-+0-00+-00+-0+00-+00-+
+000-+-+-+0-+-+-00000+000000-+
 4 1 1 1 1 1 2 1 1 1 1 6 7 1

+-0000-+0000+-0000-+0000+-0000
0+00-+0-0+0-00+-0+0-0+00-+0-0+
+000-+-00+0-+-+-0+-00+00000-0+
 4 1 1 3 2 1 1 1 1 2 1 3 6 2

+-0000-+0000+-0000-+0000+-0000
0+0-00+0-+0-0+00-0+-0+0-00+0-+
+00-000+-+0-+000-0000+0-+-+0-+
 3 4 1 1 2 1 4 5 2 1 1 1 2 1

+-0000-+0000+-0000-+0000+-0000
0+0-00+-0+0-0+00-+0-0+0-00+-0+
+00-00000+0-+000-+-00+0-+-+-0+
 3 6 2 1 4 1 1 3 2 1 1 1 1 2

+-0000-+0000+-0000-+0000+-0000
0+0-0+00-+0-0+0-00+-0+0-0+00-+
+00-0+-+-+0-+00-00000+0-+000-+
 3 2 1 1 1 1 2 1 3 6 2 1 4 1

+-00+--+00-++-00+--+00-++-00+-
00+0-0+0-+00-0+0-0+-00+0-0+0-+
+-+00-0+-+-+0-+00-00000+0-+000
 1 1 3 2 1 1 1 1 2 1 3 6 2 1 4

+-00+--+00-++-00+--+00-++-00+-
00+0-0+-0+00-0+0-+0-00+0-0+-0+
+-+00-000+-+0-+000-0000+0-+-+0
 1 1 3 4 1 1 2 1 4 5 2 1 1 1 2

+-00+--+00-++-00+--+00-++-00+-
00+0-+00-+00-0+-00+-00+0-+00-+
+-+000-+-+-+0-+-+-00000+000000
 1 1 4 1 1 1 1 1 2 1 1 1 1 6 7

+-00+--+00-++-00+--+00-++-00+-
00+0-+0-0+00-0+-0+0-00+0-+0-0+
+-+000-00+-+0-+-+0-0000+000-+0
 1 1 4 3 1 1 2 1 1 1 2 5 4 1 2

+-00+--+00-++-00+--+00-++-00+-
00+-00+0-+00-+00-0+-00+-00+0-+
+-+-+-0+-+-+00000-000000+-+000
 1 1 1 1 1 2 1 1 1 1 6 7 1 1 4

+-00+--+00-++-00+--+00-++-00+-
00+-00+-0+00-+00-+0-00+-00+-0+
+-+-+-000+-+000000-00000+-+-+0
 1 1 1 1 1 4 1 1 7 6 1 1 1 1 2

+-00+--+00-++-00+--+00-++-00+-
00+-0+00-+00-+0-00+-00+-0+00-+
+-+-+0-+-+-+000-+-000000+00000
 1 1 1 1 2 1 1 1 1 1 4 1 1 7 6

+-00+--+00-++-00+--+00-++-00+-
00+-0+0-0+00-+0-0+0-00+-0+0-0+
+-+-+0-00+-+000-+0-00000+00-+0
 1 1 1 1 2 3 1 1 4 1 2 6 3 1 2

+-00+--+00-++-00+--+00-++-00+-
0+00-0+0-+0-00+0-0+-0+00-0+0-+
+0000-0+-+-0+-+00-000+-+0-+000
 5 2 1 1 1 2 1 1 3 4 1 1 2 1 4

+-00+--+00-++-00+--+00-++-00+-
0+00-0+-0+0-00+0-+0-0+00-0+-0+
+0000-000+-0+-+000-00+-+0-+-+0
 5 4 1 2 1 1 4 3 1 1 2 1 1 1 2

+-00+--+00-++-00+--+00-++-00+-
0+00-+00-+0-00+-00+-0+00-+00-+
+00000-+-+-0+-+-+-000+-+000000
 6 1 1 1 1 2 1 1 1 1 1 4 1 1 7

+-00+--+00-++-00+--+00-++-00+-
0+00-+0-0+0-00+-0+0-0+00-+0-0+
+00000-00+-0+-+-+0-00+-+000-+0
 6 3 1 2 1 1 1 1 2 3 1 1 4 1 2

+-00+--+00-++-00+--+00-++-00+-
0+0-00+0-+0-0+00-0+-0+0-00+0-+
+00-+-0+-+-0+0000-000+-0+-+000
 3 1 1 2 1 1 1 2 5 4 1 2 1 1 4

+-00+--+00-++-00+--+00-++-00+-
0+0-00+-0+0-0+00-+0-0+0-00+-0+
+00-+-000+-0+00000-00+-0+-+-+0
 3 1 1 4 1 2 6 3 1 2 1 1 1 1 2

+-00+--+00-++-00+--+00-++-00+-
0+0-0+00-+0-0+0-00+-0+0-0+00-+
+00-+0-+-+-0+00-+-000+-0+00000
 3 1 2 1 1 1 1 2 3 1 1 4 1 2 6

