a: +--+00000000000-++-00000000000+--+00000000000
00+00-0+000-00+0-000+00-0+000-00+0-000+00-0+0
+-0+0-0+000-00+-0+-0+00-0+000-+-0+-000+00-0+0
 1 2 2 2 4 3 1 2 1 2 3 2 4 1 1 2 1 4 3 2 2

a: +--+00000000000-++-00000000000+--+00000000000
00+0-000+00-0+000-00+0-000+00-0+000-00+0-000+
+-0+-000+00-0+0-+0-0+0-000+00-+0-+0-00+0-000+
 1 2 1 4 3 2 2 1 2 2 2 4 3 1 2 1 2 3 2 4

a: +--+00000000000-++-00000000000+--+00000000000
00+0-00+000-0+00-000+0-00+000-0+00-000+0-00+0
+-0+-00+000-0+0-0+-0+0-00+000-+0-+-000+0-00+0
 1 2 1 3 4 2 2 2 1 2 2 3 4 1 2 1 1 4 2 3 2

a: +--+00000000000-++-00000000000+--+00000000000
0+000-00+0-000+00-0+000-00+0-000+00-0+000-00+
+0-+0-00+0-000+-+0-+000-00+0-0+-0+0-0+000-00+
 2 1 2 3 2 4 1 1 2 1 4 3 2 2 1 2 2 2 4 3

a: +--+00000000000-++-00000000000+--+00000000000
0+000-0+00-000+0-00+000-0+00-000+0-00+000-0+0
+0-+0-0+00-000+-0+-+000-0+00-0+-0+-00+000-0+0
 2 1 2 2 3 4 1 2 1 1 4 2 3 2 1 2 1 3 4 2 2

a: +--+00000000000-++-00000000000+--+00000000000
0+00-000+0-00+000-0+00-000+0-00+000-0+00-000+
+0-+-000+0-00+0-+0-+00-000+0-0+0-+0-0+00-000+
 2 1 1 4 2 3 2 1 2 1 3 4 2 2 2 1 2 2 3 4

a: +-0000000000000-+0000000000000+-0000000000000
000+00-0+000-00+0-000+00-0+000-00+0-000+00-0+
+-0+00-0+000-000+-000+00-0+0000-0+0-000+00-0+
 1 2 3 2 4 4 1 4 3 2 5 2 2 4 3 2

a: +-0000000000000-+0000000000000+-0000000000000
000+00-+0000-00+-0000+00-+0000-00+-0000+00-+0
+-0+00-+0000-00000000+00-+00000-0+-0000+00-+0
 1 2 3 1 5 9 3 1 6 2 1 5 3 1 2

a: +-0000000000000-+0000000000000+-0000000000000
000+0-00+000-0+00-000+0-00+000-0+00-000+0-00+
+-0+0-00+000-0+-+-000+0-00+0000-+00-000+0-00+
 1 2 2 3 4 2 1 1 1 4 2 3 5 1 3 4 2 3

a: +-0000000000000-+0000000000000+-0000000000000
000+0-0+0000-0+0-0000+0-0+0000-0+0-0000+0-0+0
+-0+0-0+0000-0+-00000+0-0+00000-+0-0000+0-0+0
 1 2 2 2 5 2 1 6 2 2 6 1 2 5 2 2 2

a: +-0000000000000-+0000000000000+-0000000000000
000+-000+000-+000-000+-000+000-+000-000+-000+
+-0+-000+000-+0-+-000+-000+00000000-000+-000+
 1 2 1 4 4 1 2 1 1 4 1 4 9 4 1 4

a: +-0000000000000-+0000000000000+-0000000000000
000+-00+0000-+00-0000+-00+0000-+00-0000+-00+0
+-0+-00+0000-+0-00000+-00+00000000-0000+-00+0
 1 2 1 3 5 1 2 6 1 3 9 5 1 3 2

a: +-0000000000000-+0000000000000+-0000000000000
000+-+-0+000-+-+0-000+-+-0+000-+-+0-000+-+-0+
+-0+-+-0+000-+-0+-000+-+-0+00000-+0-000+-+-0+
 1 2 1 1 1 2 4 1 1 2 1 4 1 1 1 2 6 1 2 4 1 1 1 2

a: +-0000000000000-+0000000000000+-0000000000000
000+-+-+0000-+-+-0000+-+-+0000-+-+-0000+-+-+0
+-0+-+-+0000-+-000000+-+-+000000-+-0000+-+-+0
 1 2 1 1 1 1 5 1 1 7 1 1 1 1 7 1 1 5 1 1 1 1 2

a: +-0000000000000-+0000000000000+-0000000000000
00+000-0+00-000+0-00+000-0+00-000+0-00+000-0+
+-+000-0+00-0000+-00+000-0+00-+-0+0-00+000-0+
 1 1 4 2 3 5 1 3 4 2 3 1 1 2 2 3 4 2

a: +-0000000000000-+0000000000000+-0000000000000
00+000-+000-000+-000+000-+000-000+-000+000-+0
+-+000-+000-00000000+000-+000-+-0+-000+000-+0
 1 1 4 1 4 9 4 1 4 1 1 2 1 4 4 1 2

a: +-0000000000000-+0000000000000+-0000000000000
00+00-0+000-00+0-000+00-0+000-00+0-000+00-0+0
+-+00-0+000-00+-0000+00-0+000-+-+0-000+00-0+0
 1 1 3 2 4 3 1 5 3 2 4 1 1 1 2 4 3 2 2

a: +-0000000000000-+0000000000000+-0000000000000
00+0-000+00-0+000-00+0-000+00-0+000-00+0-000+
+-+0-000+00-0+0-+-00+0-000+00-+0000-00+0-000+
 1 1 2 4 3 2 2 1 1 3 2 4 3 1 5 3 2 4

a: +-0000000000000-+0000000000000+-0000000000000
00+0-00+000-0+00-000+0-00+000-0+00-000+0-00+0
+-+0-00+000-0+0-0000+0-00+000-+000-000+0-00+0
 1 1 2 3 4 2 2 5 2 3 4 1 4 4 2 3 2

a: +-0000000000000-+0000000000000+-0000000000000
00+0-+-0+00-0+-+0-00+0-+-0+00-0+-+0-00+0-+-0+
+-+0-+-0+00-0+-0+-00+0-+-0+00-+0-+0-00+0-+-0+
 1 1 2 1 1 2 3 2 1 2 1 3 2 1 1 2 3 1 2 1 2 3 2 1 1 2

a: +-0000000000000-+0000000000000+-0000000000000
00+0-+-+000-0+-+-000+0-+-+000-0+-+-000+0-+-+0
+-+0-+-+000-0+-00000+0-+-+000-+0-+-000+0-+-+0
 1 1 2 1 1 1 4 2 1 6 2 1 1 1 4 1 2 1 1 4 2 1 1 1 2

a: +-0000000000000-+0000000000000+-0000000000000
0+0000-0+0-0000+0-0+0000-0+0-0000+0-0+0000-0+
+00000-0+0-00000+-0+0000-0+0-0+-0+0-0+0000-0+
 6 2 2 6 1 2 5 2 2 2 1 2 2 2 5 2

a: +-0000000000000-+0000000000000+-0000000000000
0+0000-+00-0000+-00+0000-+00-0000+-00+0000-+0
+00000-+00-00000000+0000-+00-0+-0+-00+0000-+0
 6 1 3 9 5 1 3 2 1 2 1 3 5 1 2

a: +-0000000000000-+0000000000000+-0000000000000
0+000-00+0-000+00-0+000-00+0-000+00-0+000-00+
+0000-00+0-000+-+-0+000-00+0-0+-+00-0+000-00+
 5 3 2 4 1 1 1 2 4 3 2 2 1 1 3 2 4 3

a: +-0000000000000-+0000000000000+-0000000000000
0+000-0+00-000+0-00+000-0+00-000+0-00+000-0+0
+0000-0+00-000+-000+000-0+00-0+-+0-00+000-0+0
 5 2 3 4 1 4 4 2 3 2 1 1 2 3 4 2 2

a: +-0000000000000-+0000000000000+-0000000000000
0+00-000+0-00+000-0+00-000+0-00+000-0+00-000+
+000-000+0-00+0-+-0+00-000+0-0+0000-0+00-000+
 4 4 2 3 2 1 1 2 3 4 2 2 5 2 3 4

a: +-0000000000000-+0000000000000+-0000000000000
0+00-+-0+0-00+-+0-0+00-+-0+0-00+-+0-0+00-+-0+
+000-+-0+0-00+-0+-0+00-+-0+0-0+0-+0-0+00-+-0+
 4 1 1 2 2 3 1 2 1 2 3 1 1 2 2 2 2 1 2 2 3 1 1 2

a: +-0000000000000-+0000000000000+-0000000000000
0+00-+-+00-00+-+-00+00-+-+00-00+-+-00+00-+-+0
+000-+-+00-00+-0000+00-+-+00-0+0-+-00+00-+-+0
 4 1 1 1 3 3 1 5 3 1 1 1 3 2 2 1 1 3 3 1 1 1 2

a: +-0000000000000-+0000000000000+-0000000000000
0+-+00-0+0-+-00+0-0+-+00-0+0-+-00+0-0+-+00-0+
+0-+00-0+0-+-000+-0+-+00-0+0-+0-0+0-0+-+00-0+
 2 1 3 2 2 1 1 4 1 2 1 1 3 2 2 1 2 2 2 2 1 1 3 2

a: +-0000000000000-+0000000000000+-0000000000000
0+-+00-+00-+-00+-00+-+00-+00-+-00+-00+-+00-+0
+0-+00-+00-+-000000+-+00-+00-+0-0+-00+-+00-+0
 2 1 3 1 3 1 1 7 1 1 3 1 3 1 2 2 1 3 1 1 3 1 2

a: +-0000000000000-+0000000000000+-0000000000000
0+-+0-00+0-+-0+00-0+-+0-00+0-+-0+00-0+-+0-00+
+0-+0-00+0-+-0+-+-0+-+0-00+0-+0-+00-0+-+0-00+
 2 1 2 3 2 1 1 2 1 1 1 2 1 1 2 3 2 1 2 1 3 2 1 1 2 3

a: +-0000000000000-+0000000000000+-0000000000000
0+-+0-0+00-+-0+0-00+-+0-0+00-+-0+0-00+-+0-0+0
+0-+0-0+00-+-0+-000+-+0-0+00-+0-+0-00+-+0-0+0
 2 1 2 2 3 1 1 2 1 4 1 1 2 2 3 1 2 1 2 3 1 1 2 2 2

a: +-0000000000000-+0000000000000+-0000000000000
0+-+-000+0-+-+000-0+-+-000+0-+-+000-0+-+-000+
+0-+-000+0-+-+0-+-0+-+-000+0-+00000-0+-+-000+
 2 1 1 4 2 1 1 1 2 1 1 2 1 1 1 4 2 1 6 2 1 1 1 4

a: +-0000000000000-+0000000000000+-0000000000000
0+-+-00+00-+-+00-00+-+-00+00-+-+00-00+-+-00+0
+0-+-00+00-+-+0-000+-+-00+00-+0000-00+-+-00+0
 2 1 1 3 3 1 1 1 2 4 1 1 1 3 3 1 5 3 1 1 1 3 2

a: +-0000000000000-+0000000000000+-0000000000000
0+-+-+-0+0-+-+-+0-0+-+-+-0+0-+-+-+0-0+-+-+-0+
+0-+-+-0+0-+-+-0+-0+-+-+-0+0-+00-+0-0+-+-+-0+
 2 1 1 1 1 2 2 1 1 1 1 2 1 2 1 1 1 1 1 2 2 1 3 1 2 2 1 1 1 1 1 2

a: +-0000000000000-+0000000000000+-0000000000000
0+-+-+-+00-+-+-+-00+-+-+-+00-+-+-+-00+-+-+-+0
+0-+-+-+00-+-+-0000+-+-+-+00-+00-+-00+-+-+-+0
 2 1 1 1 1 1 3 1 1 1 1 5 1 1 1 1 1 1 3 1 3 1 1 3 1 1 1 1 1 1 2

a: +0-000000000000-0+000000000000+0-000000000000
000+00-0+000-00+0-000+00-0+000-00+0-000+00-0+
+0-+00-0+000-00000000+00-0+00000-+0-000+00-0+
 2 1 3 2 4 9 3 2 6 1 2 4 3 2

a: +0-000000000000-0+000000000000+0-000000000000
000+0-00+000-0+00-000+0-00+000-0+00-000+0-00+
+0-+0-00+000-0+-00000+0-00+00000000-000+0-00+
 2 1 2 3 4 2 1 6 2 3 9 4 2 3

a: +0-000000000000-0+000000000000+0-000000000000
00+000-0+00-000+0-00+000-0+00-000+0-00+000-0+
+00000-0+00-00000000+000-0+00-+0-+0-00+000-0+
 6 2 3 9 4 2 3 1 2 1 2 3 4 2

