a: +--+0000000000-++-0000000000+--+0000000000-++-0000000000+--+0000000000
00+0-0+0-+00-0+0-0+-00+0-0+0-+00-0+0-0+-00+0-0+0-+00-0+0-0+-00+0-0+0-+
+-0+-0+0-+00-00+0-+-00+0-0+000-+-0+0-0+-000+0-+0-+00-0+00-0000+0-0+0-+
 1 2 1 2 2 1 3 3 2 1 1 3 2 2 4 1 1 2 2 2 1 4 2 1 2 1 3 2 3 5 2 2 2 1

a: +--+0000000000-++-0000000000+--+0000000000-++-0000000000+--+0000000000
00+0-0+-0+00-0+0-+0-00+0-0+-0+00-0+0-+0-00+0-0+-0+00-0+0-+0-00+0-0+-0+
+-0+-0+-0+00-00+000-00+0-0+-+0-+-0+0-+0-000+0-+-0+00-0+000-000+0-0+-0+
 1 2 1 2 1 2 3 3 4 3 2 2 1 1 2 1 1 2 2 1 2 4 2 1 1 2 3 2 4 4 2 2 1 2

a: +--+0000000000-++-0000000000+--+0000000000-++-0000000000+--+0000000000
00+0-+00-+00-0+-00+-00+0-+00-+00-0+-00+-00+0-+00-+00-0+-00+-00+0-+00-+
+-0+-+00-+00-000+-+-00+0-+0000-+-0+-00+-000+0000-+00-0+-+-0000+0-+00-+
 1 2 1 1 3 1 3 4 1 1 1 3 2 1 5 1 1 2 1 3 1 4 5 1 3 2 1 1 1 5 2 1 3 1

a: +--+0000000000-++-0000000000+--+0000000000-++-0000000000+--+0000000000
00+0-+0-0+00-0+-0+0-00+0-+0-0+00-0+-0+0-00+0-+0-0+00-0+-0+0-00+0-+0-0+
+-0+-+0-0+00-000+00-00+0-+0-+0-+-0+-0+0-000+000-0+00-0+-+0-000+0-+0-0+
 1 2 1 1 2 2 3 4 3 3 2 1 2 1 2 1 1 2 1 2 2 4 4 2 3 2 1 1 2 4 2 1 2 2

a: +--+0000000000-++-0000000000+--+0000000000-++-0000000000+--+0000000000
00+-00+0-+00-+00-0+-00+-00+0-+00-+00-0+-00+-00+0-+00-+00-0+-00+-00+0-+
+-0000+0-+00-+-+0-+-00+-00+000-+-+00-0+-0000+-+0-+00-+000-0000+-00+0-+
 1 5 2 1 3 1 1 1 2 1 1 3 1 3 4 1 1 1 3 2 1 5 1 1 2 1 3 1 4 5 1 3 2 1

a: +--+0000000000-++-0000000000+--+0000000000-++-0000000000+--+0000000000
00+-00+-0+00-+00-+0-00+-00+-0+00-+00-+0-00+-00+-0+00-+00-+0-00+-00+-0+
+-0000+-0+00-+-+000-00+-00+-+0-+-+00-+0-0000+-+-0+00-+0000-000+-00+-0+
 1 5 1 2 3 1 1 1 4 3 1 3 1 1 2 1 1 1 3 1 2 5 1 1 1 2 3 1 5 4 1 3 1 2

a: +--+0000000000-++-0000000000+--+0000000000-++-0000000000+--+0000000000
00+-0+00-+00-+0-00+-00+-0+00-+00-+0-00+-00+-0+00-+00-+0-00+-00+-0+00-+
+-000+00-+00-+-0+-+-00+-0+0000-+-+0-00+-0000+000-+00-+0-+-0000+-0+00-+
 1 4 3 1 3 1 1 2 1 1 1 3 1 2 5 1 1 1 2 3 1 5 4 1 3 1 2 1 1 5 1 2 3 1

a: +--+0000000000-++-0000000000+--+0000000000-++-0000000000+--+0000000000
00+-0+0-0+00-+0-0+0-00+-0+0-0+00-+0-0+0-00+-0+0-0+00-+0-0+0-00+-0+0-0+
+-000+0-0+00-+-0+00-00+-0+0-+0-+-+0-0+0-0000+00-0+00-+0-+0-000+-0+0-0+
 1 4 2 2 3 1 1 2 3 3 1 2 2 1 2 1 1 1 2 2 2 5 3 2 3 1 2 1 2 4 1 2 2 2

a: +--+0000000000-++-0000000000+--+0000000000-++-0000000000+--+0000000000
0+00-0+0-+0-00+0-0+-0+00-0+0-+0-00+0-0+-0+00-0+0-+0-00+0-0+-0+00-0+0-+
+0-+-0+0-+0-000+0-+-0+00-0+000-000+0-0+-0+-+0-+0-+0-00+00-000+00-0+0-+
 2 1 1 2 2 1 2 4 2 1 1 2 3 2 4 4 2 2 1 2 1 1 2 1 2 1 2 3 3 4 3 2 2 1

a: +--+0000000000-++-0000000000+--+0000000000-++-0000000000+--+0000000000
0+00-0+-0+0-00+0-+0-0+00-0+-0+0-00+0-+0-0+00-0+-0+0-00+0-+0-0+00-0+-0+
+0-+-0+-0+0-000+000-0+00-0+-+0-000+0-+0-0+-+0-+-0+0-00+000-00+00-0+-0+
 2 1 1 2 1 2 2 4 4 2 3 2 1 1 2 4 2 1 2 2 1 1 2 1 1 2 2 3 4 3 3 2 1 2

a: +--+0000000000-++-0000000000+--+0000000000-++-0000000000+--+0000000000
0+00-+00-+0-00+-00+-0+00-+00-+0-00+-00+-0+00-+00-+0-00+-00+-0+00-+00-+
+0-+-+00-+0-0000+-+-0+00-+0000-000+-00+-0+-+0000-+0-00+-+-000+00-+00-+
 2 1 1 1 3 1 2 5 1 1 1 2 3 1 5 4 1 3 1 2 1 1 5 1 2 3 1 1 1 4 3 1 3 1

a: +--+0000000000-++-0000000000+--+0000000000-++-0000000000+--+0000000000
0+00-+0-0+0-00+-0+0-0+00-+0-0+0-00+-0+0-0+00-+0-0+0-00+-0+0-0+00-+0-0+
+0-+-+0-0+0-0000+00-0+00-+0-+0-000+-0+0-0+-+000-0+0-00+-+0-00+00-+0-0+
 2 1 1 1 2 2 2 5 3 2 3 1 2 1 2 4 1 2 2 2 1 1 4 2 2 3 1 1 2 3 3 1 2 2

a: +--+0000000000-++-0000000000+--+0000000000-++-0000000000+--+0000000000
0+0-00+0-+0-0+00-0+-0+0-00+0-+0-0+00-0+-0+0-00+0-+0-0+00-0+-0+0-00+0-+
+0-000+0-+0-0+-+0-+-0+0-00+000-00+00-0+-0+-0+-+0-+0-0+000-000+0-00+0-+
 2 4 2 1 2 2 1 1 2 1 1 2 2 3 4 3 3 2 1 2 1 2 1 1 2 1 2 2 4 4 2 3 2 1

a: +--+0000000000-++-0000000000+--+0000000000-++-0000000000+--+0000000000
0+0-00+-0+0-0+00-+0-0+0-00+-0+0-0+00-+0-0+0-00+-0+0-0+00-+0-0+0-00+-0+
+0-000+-0+0-0+-+000-0+0-00+-+0-00+00-+0-0+-0+-+-0+0-0+0000-00+0-00+-0+
 2 4 1 2 2 2 1 1 4 2 2 3 1 1 2 3 3 1 2 2 1 2 1 1 1 2 2 2 5 3 2 3 1 2

a: +--+0000000000-++-0000000000+--+0000000000-++-0000000000+--+0000000000
0+0-0+00-+0-0+0-00+-0+0-0+00-+0-0+0-00+-0+0-0+00-+0-0+0-00+-0+0-0+00-+
+0-00+00-+0-0+-0+-+-0+0-0+0000-00+0-00+-0+-0+000-+0-0+0-+-000+0-0+00-+
 2 3 3 1 2 2 1 2 1 1 1 2 2 2 5 3 2 3 1 2 1 2 4 1 2 2 2 1 1 4 2 2 3 1

a: +-000000000000-+000000000000+-000000000000-+000000000000+-000000000000
00+0-0+0-+00-0+0-0+-00+0-0+0-+00-0+0-0+-00+0-0+0-+00-0+0-0+-00+0-0+0-+
+-+0-0+0-+00-00+-0+-00+0-0+00000-0+0-0+-000+-0+0-+00-0+00-+-00+0-0+0-+
 1 1 2 2 2 1 3 3 1 2 1 3 2 2 6 2 2 2 1 4 1 2 2 1 3 2 3 1 1 3 2 2 2 1

a: +-000000000000-+000000000000+-000000000000-+000000000000+-000000000000
00+0-0+-0+00-0+0-+0-00+0-0+-0+00-0+0-+0-00+0-0+-0+00-0+0-+0-00+0-0+-0+
+-+0-0+-0+00-00+-+0-00+0-0+-+000-0+0-+0-000+-0+-0+00-0+0000-00+0-0+-0+
 1 1 2 2 1 2 3 3 1 1 2 3 2 2 1 1 4 2 2 1 2 4 1 2 1 2 3 2 5 3 2 2 1 2

a: +-000000000000-+000000000000+-000000000000-+000000000000+-000000000000
00+0-+00-+00-0+-00+-00+0-+00-+00-0+-00+-00+0-+00-+00-0+-00+-00+0-+00-+
+-+0-+00-+00-00000+-00+0-+000000-0+-00+-000+-+00-+00-0+-+-+-00+0-+00-+
 1 1 2 1 3 1 3 6 1 3 2 1 7 2 1 3 1 4 1 1 3 1 3 2 1 1 1 1 1 3 2 1 3 1

a: +-000000000000-+000000000000+-000000000000-+000000000000+-000000000000
00+0-+0-0+00-0+-0+0-00+0-+0-0+00-0+-0+0-00+0-+0-0+00-0+-0+0-00+0-+0-0+
+-+0-+0-0+00-0000+0-00+0-+0-+000-0+-0+0-000+-+0-0+00-0+-+00-00+0-+0-0+
 1 1 2 1 2 2 3 5 2 3 2 1 2 1 4 2 1 2 2 4 1 1 2 2 3 2 1 1 3 3 2 1 2 2

a: +-000000000000-+000000000000+-000000000000-+000000000000+-000000000000
00+-00+0-+00-+00-0+-00+-00+0-+00-+00-0+-00+-00+0-+00-+00-0+-00+-00+0-+
+-+-00+0-+00-+-+-0+-00+-00+00000-+00-0+-000000+0-+00-+000-+-00+-00+0-+
 1 1 1 3 2 1 3 1 1 1 1 2 1 3 1 3 6 1 3 2 1 7 2 1 3 1 4 1 1 3 1 3 2 1

a: +-000000000000-+000000000000+-000000000000-+000000000000+-000000000000
00+-00+-0+00-+00-+0-00+-00+-0+00-+00-+0-00+-00+-0+00-+00-+0-00+-00+-0+
+-+-00+-0+00-+-+-+0-00+-00+-+000-+00-+0-000000+-0+00-+00000-00+-00+-0+
 1 1 1 3 1 2 3 1 1 1 1 1 2 3 1 3 1 1 4 1 3 1 2 7 1 2 3 1 6 3 1 3 1 2

a: +-000000000000-+000000000000+-000000000000-+000000000000+-000000000000
00+-0+00-+00-+0-00+-00+-0+00-+00-+0-00+-00+-0+00-+00-+0-00+-00+-0+00-+
+-+-0+00-+00-+-000+-00+-0+000000-+0-00+-00000+00-+00-+0-+-+-00+-0+00-+
 1 1 1 2 3 1 3 1 1 4 1 3 1 2 7 1 2 3 1 6 3 1 3 1 2 1 1 1 1 3 1 2 3 1

a: +-000000000000-+000000000000+-000000000000-+000000000000+-000000000000
00+-0+0-0+00-+0-0+0-00+-0+0-0+00-+0-0+0-00+-0+0-0+00-+0-0+0-00+-0+0-0+
+-+-0+0-0+00-+-00+0-00+-0+0-+000-+0-0+0-00000+0-0+00-+0-+00-00+-0+0-0+
 1 1 1 2 2 2 3 1 1 3 2 3 1 2 2 1 4 1 2 2 2 6 2 2 3 1 2 1 3 3 1 2 2 2

a: +-000000000000-+000000000000+-000000000000-+000000000000+-000000000000
0+00-0+0-+0-00+0-0+-0+00-0+0-+0-00+0-0+-0+00-0+0-+0-00+0-0+-0+00-0+0-+
+000-0+0-+0-000+-0+-0+00-0+0000-00+0-0+-0+-+-0+0-+0-00+00-+-0+00-0+0-+
 4 2 2 1 2 4 1 2 1 2 3 2 5 3 2 2 1 2 1 1 1 2 2 1 2 3 3 1 1 2 3 2 2 1

a: +-000000000000-+000000000000+-000000000000-+000000000000+-000000000000
0+00-0+-0+0-00+0-+0-0+00-0+-0+0-00+0-+0-0+00-0+-0+0-00+0-+0-0+00-0+-0+
+000-0+-0+0-000+-+0-0+00-0+-+00-00+0-+0-0+-+-0+-0+0-00+0000-0+00-0+-0+
 4 2 1 2 2 4 1 1 2 2 3 2 1 1 3 3 2 1 2 2 1 1 1 2 1 2 2 3 5 2 3 2 1 2

a: +-000000000000-+000000000000+-000000000000-+000000000000+-000000000000
0+00-+00-+0-00+-00+-0+00-+00-+0-00+-00+-0+00-+00-+0-00+-00+-0+00-+00-+
+000-+00-+0-000000+-0+00-+00000-00+-00+-0+-+-+00-+0-00+-+-+-0+00-+00-+
 4 1 3 1 2 7 1 2 3 1 6 3 1 3 1 2 1 1 1 1 3 1 2 3 1 1 1 1 1 2 3 1 3 1

a: +-000000000000-+000000000000+-000000000000-+000000000000+-000000000000
0+00-+0-0+0-00+-0+0-0+00-+0-0+0-00+-0+0-0+00-+0-0+0-00+-0+0-0+00-+0-0+
+000-+0-0+0-00000+0-0+00-+0-+00-00+-0+0-0+-+-+0-0+0-00+-+00-0+00-+0-0+
 4 1 2 2 2 6 2 2 3 1 2 1 3 3 1 2 2 2 1 1 1 1 2 2 2 3 1 1 3 2 3 1 2 2

a: +-000000000000-+000000000000+-000000000000-+000000000000+-000000000000
0+0-00+0-+0-0+00-0+-0+0-00+0-+0-0+00-0+-0+0-00+0-+0-0+00-0+-0+0-00+0-+
+00-00+0-+0-0+-+-0+-0+0-00+0000-0+00-0+-0+-000+0-+0-0+000-+-0+0-00+0-+
 3 3 2 1 2 2 1 1 1 2 1 2 2 3 5 2 3 2 1 2 1 4 2 1 2 2 4 1 1 2 2 3 2 1

a: +-000000000000-+000000000000+-000000000000-+000000000000+-000000000000
0+0-00+-0+0-0+00-+0-0+0-00+-0+0-0+00-+0-0+0-00+-0+0-0+00-+0-0+0-00+-0+
+00-00+-0+0-0+-+-+0-0+0-00+-+00-0+00-+0-0+-000+-0+0-0+00000-0+0-00+-0+
 3 3 1 2 2 2 1 1 1 1 2 2 2 3 1 1 3 2 3 1 2 2 1 4 1 2 2 2 6 2 2 3 1 2

a: +-000000000000-+000000000000+-000000000000-+000000000000+-000000000000
0+0-0+00-+0-0+0-00+-0+0-0+00-+0-0+0-00+-0+0-0+00-+0-0+0-00+-0+0-0+00-+
+00-0+00-+0-0+-000+-0+0-0+00000-0+0-00+-0+-00+00-+0-0+0-+-+-0+0-0+00-+
 3 2 3 1 2 2 1 4 1 2 2 2 6 2 2 3 1 2 1 3 3 1 2 2 2 1 1 1 1 2 2 2 3 1

a: +--++-00000000-++--+00000000+--++-00000000-++--+00000000+--++-00000000
00+0-0+0-+00-0+0-0+-00+0-0+0-+00-0+0-0+-00+0-0+0-+00-0+0-0+-00+0-0+0-+
+-0+0-+0-+00-00+0-0000+0-0+000-+0-+0-0+-000+0-0+-+00-0+00-00+-+0-0+0-+
 1 2 2 1 2 1 3 3 2 5 2 2 4 1 2 1 2 2 1 4 2 2 1 1 3 2 3 3 1 1 2 2 2 1

a: +--++-00000000-++--+00000000+--++-00000000-++--+00000000+--++-00000000
00+0-0+-0+00-0+0-+0-00+0-0+-0+00-0+0-+0-00+0-0+-0+00-0+0-+0-00+0-0+-0+
+-0+0-+-0+00-00+00-000+0-0+-+0-+0-+0-+0-000+0-000+00-0+000-0+-+0-0+-0+
 1 2 2 1 1 2 3 3 3 4 2 2 1 1 2 1 2 1 2 1 2 4 2 4 3 2 4 2 1 1 2 2 1 2

a: +--++-00000000-++--+00000000+--++-00000000-++--+00000000+--++-00000000
00+0-+00-+00-0+-00+-00+0-+00-+00-0+-00+-00+0-+00-+00-0+-00+-00+0-+00-+
+-0+0000-+00-000+-0000+0-+0000-+0-+-00+-000+00-+-+00-0+-+-00+-+0-+00-+
 1 2 5 1 3 4 1 5 2 1 5 1 2 1 1 3 1 4 3 1 1 1 3 2 1 1 1 3 1 1 2 1 3 1

a: +--++-00000000-++--+00000000+--++-00000000-++--+00000000+--++-00000000
00+0-+0-0+00-0+-0+0-00+0-+0-0+00-0+-0+0-00+0-+0-0+00-0+-0+0-00+0-+0-0+
+-0+000-0+00-000+0-000+0-+0-+0-+0-+-0+0-000+00-00+00-0+-+0-0+-+0-+0-0+
 1 2 4 2 3 4 2 4 2 1 2 1 2 1 2 1 1 2 2 4 3 3 3 2 1 1 2 2 1 1 2 1 2 2

a: +--++-00000000-++--+00000000+--++-00000000-++--+00000000+--++-00000000
00+-00+0-+00-+00-0+-00+-00+0-+00-+00-0+-00+-00+0-+00-+00-0+-00+-00+0-+
+-00+-+0-+00-+-+0-0000+-00+000-+0000-0+-0000+-0+-+00-+000-00+-+-00+0-+
 1 3 1 1 2 1 3 1 1 1 2 5 1 3 4 1 5 2 1 5 1 2 1 1 3 1 4 3 1 1 1 3 2 1

a: +--++-00000000-++--+00000000+--++-00000000-++--+00000000+--++-00000000
00+-00+-0+00-+00-+0-00+-00+-0+00-+00-+0-00+-00+-0+00-+00-+0-00+-00+-0+
+-00+-+-0+00-+-+00-000+-00+-+0-+0000-+0-0000+-000+00-+0000-0+-+-00+-0+
 1 3 1 1 1 2 3 1 1 1 3 4 1 3 1 1 2 1 5 1 2 5 1 4 3 1 5 2 1 1 1 3 1 2

a: +--++-00000000-++--+00000000+--++-00000000-++--+00000000+--++-00000000
00+-0+00-+00-+0-00+-00+-0+00-+00-+0-00+-00+-0+00-+00-+0-00+-00+-0+00-+
+-00+000-+00-+-0+-0000+-0+0000-+000-00+-0000+0-+-+00-+0-+-00+-+-0+00-+
 1 3 4 1 3 1 1 2 1 5 1 2 5 1 4 3 1 5 2 1 1 1 3 1 2 1 1 3 1 1 1 2 3 1

a: +--++-00000000-++--+00000000+--++-00000000-++--+00000000+--++-00000000
00+-0+0-0+00-+0-0+0-00+-0+0-0+00-+0-0+0-00+-0+0-0+00-+0-0+0-00+-0+0-0+
+-00+00-0+00-+-0+0-000+-0+0-+0-+000-0+0-0000+0-00+00-+0-+0-0+-+-0+0-0+
 1 3 3 2 3 1 1 2 2 4 1 2 2 1 2 1 4 2 2 5 2 3 3 1 2 1 2 2 1 1 1 2 2 2

a: +--++-00000000-++--+00000000+--++-00000000-++--+00000000+--++-00000000
0+00-0+0-+0-00+0-0+-0+00-0+0-+0-00+0-0+-0+00-0+0-+0-00+0-0+-0+00-0+0-+
+0-+0-+0-+0-000+0-000+00-0+000-0+-+0-0+-0+-+0-0+-+0-00+00-00+000-0+0-+
 2 1 2 1 2 1 2 4 2 4 3 2 4 2 1 1 2 2 1 2 1 1 2 2 1 1 2 3 3 3 4 2 2 1

a: +--++-00000000-++--+00000000+--++-00000000-++--+00000000+--++-00000000
0+00-0+-0+0-00+0-+0-0+00-0+-0+0-00+0-+0-0+00-0+-0+0-00+0-+0-0+00-0+-0+
+0-+0-+-0+0-000+00-00+00-0+-+0-0+-+0-+0-0+-+0-000+0-00+000-0+000-0+-0+
 2 1 2 1 1 2 2 4 3 3 3 2 1 1 2 2 1 1 2 1 2 2 1 1 2 4 2 3 4 2 4 2 1 2

a: +--++-00000000-++--+00000000+--++-00000000-++--+00000000+--++-00000000
0+00-+00-+0-00+-00+-0+00-+00-+0-00+-00+-0+00-+00-+0-00+-00+-0+00-+00-+
+0-+0000-+0-0000+-000+00-+0000-0+-+-00+-0+-+00-+-+0-00+-+-00+000-+00-+
 2 1 5 1 2 5 1 4 3 1 5 2 1 1 1 3 1 2 1 1 3 1 1 1 2 3 1 1 1 3 4 1 3 1

a: +--++-00000000-++--+00000000+--++-00000000-++--+00000000+--++-00000000
0+00-+0-0+0-00+-0+0-0+00-+0-0+0-00+-0+0-0+00-+0-0+0-00+-0+0-0+00-+0-0+
+0-+000-0+0-0000+0-00+00-+0-+0-0+-+-0+0-0+-+00-00+0-00+-+0-0+000-+0-0+
 2 1 4 2 2 5 2 3 3 1 2 1 2 2 1 1 1 2 2 2 1 1 3 3 2 3 1 1 2 2 4 1 2 2

a: +--++-00000000-++--+00000000+--++-00000000-++--+00000000+--++-00000000
0+0-00+0-+0-0+00-0+-0+0-00+0-+0-0+00-0+-0+0-00+0-+0-0+00-0+-0+0-00+0-+
+0-0+-+0-+0-0+-+0-000+0-00+000-0+000-0+-0+-0+-0+-+0-0+000-00+00-00+0-+
 2 2 1 1 2 1 2 2 1 1 2 4 2 3 4 2 4 2 1 2 1 2 1 2 1 1 2 2 4 3 3 3 2 1

a: +--++-00000000-++--+00000000+--++-00000000-++--+00000000+--++-00000000
0+0-00+-0+0-0+00-+0-0+0-00+-0+0-0+00-+0-0+0-00+-0+0-0+00-+0-0+0-00+-0+
+0-0+-+-0+0-0+-+00-00+0-00+-+0-0+000-+0-0+-0+-000+0-0+0000-0+00-00+-0+
 2 2 1 1 1 2 2 2 1 1 3 3 2 3 1 1 2 2 4 1 2 2 1 2 1 4 2 2 5 2 3 3 1 2

a: +--++-00000000-++--+00000000+--++-00000000-++--+00000000+--++-00000000
0+0-0+00-+0-0+0-00+-0+0-0+00-+0-0+0-00+-0+0-0+00-+0-0+0-00+-0+0-0+00-+
+0-0+000-+0-0+-0+-000+0-0+0000-0+00-00+-0+-0+0-+-+0-0+0-+-00+00-0+00-+
 2 2 4 1 2 2 1 2 1 4 2 2 5 2 3 3 1 2 1 2 2 1 1 1 2 2 2 1 1 3 3 2 3 1

a: +-00+-00000000-+00-+00000000+-00+-00000000-+00-+00000000+-00+-00000000
00+0-0+0-+00-0+0-0+-00+0-0+0-+00-0+0-0+-00+0-0+0-+00-0+0-0+-00+0-0+0-+
+-+00-+0-+00-00+-00000+0-0+000000-+0-0+-000+-00+-+00-0+00-+-+-+0-0+0-+
 1 1 3 1 2 1 3 3 1 6 2 2 7 1 2 2 1 4 1 3 1 1 3 2 3 1 1 1 1 1 2 2 2 1

a: +-00+-00000000-+00-+00000000+-00+-00000000-+00-+00000000+-00+-00000000
00+0-0+-0+00-0+0-+0-00+0-0+-0+00-0+0-+0-00+0-0+-0+00-0+0-+0-00+0-0+-0+
+-+00-+-0+00-00+-+-000+0-0+-+0000-+0-+0-000+-0000+00-0+0000-+-+0-0+-0+
 1 1 3 1 1 2 3 3 1 1 1 4 2 2 1 1 5 1 2 1 2 4 1 5 3 2 5 1 1 1 2 2 1 2

a: +-00+-00000000-+00-+00000000+-00+-00000000-+00-+00000000+-00+-00000000
00+0-+00-+00-0+-00+-00+0-+00-+00-0+-00+-00+0-+00-+00-0+-00+-00+0-+00-+
+-+00000-+00-000000000+0-+0000000-+-00+-000+-+-+-+00-0+-+-+-+-+0-+00-+
 1 1 6 1 3 10 2 1 8 1 1 3 1 4 1 1 1 1 1 1 3 2 1 1 1 1 1 1 1 1 2 1 3 1

a: +-00+-00000000-+00-+00000000+-00+-00000000-+00-+00000000+-00+-00000000
00+0-+0-0+00-0+-0+0-00+0-+0-0+00-0+-0+0-00+0-+0-0+00-0+-0+0-00+0-+0-0+
+-+0000-0+00-0000+-000+0-+0-+0000-+-0+0-000+-+-00+00-0+-+00-+-+0-+0-0+
 1 1 5 2 3 5 1 4 2 1 2 1 5 1 1 2 2 4 1 1 1 3 3 2 1 1 3 1 1 1 2 1 2 2

a: +-00+-00000000-+00-+00000000+-00+-00000000-+00-+00000000+-00+-00000000
00+-00+0-+00-+00-0+-00+-00+0-+00-+00-0+-00+-00+0-+00-+00-0+-00+-00+0-+
+-+-+-+0-+00-+-+-00000+-00+000000000-0+-0000000+-+00-+000-+-+-+-00+0-+
 1 1 1 1 1 1 2 1 3 1 1 1 1 6 1 3 10 2 1 8 1 1 3 1 4 1 1 1 1 1 1 3 2 1

a: +-00+-00000000-+00-+00000000+-00+-00000000-+00-+00000000+-00+-00000000
00+-00+-0+00-+00-+0-00+-00+-0+00-+00-+0-00+-00+-0+00-+00-+0-00+-00+-0+
+-+-+-+-0+00-+-+-+-000+-00+-+0000000-+0-000000000+00-+00000-+-+-00+-0+
 1 1 1 1 1 1 1 2 3 1 1 1 1 1 1 4 1 3 1 1 8 1 2 10 3 1 6 1 1 1 1 3 1 2

a: +-00+-00000000-+00-+00000000+-00+-00000000-+00-+00000000+-00+-00000000
00+-0+00-+00-+0-00+-00+-0+00-+00-+0-00+-00+-0+00-+00-+0-00+-00+-0+00-+
+-+-+000-+00-+-0000000+-0+000000000-00+-00000+-+-+00-+0-+-+-+-+-0+00-+
 1 1 1 1 4 1 3 1 1 8 1 2 10 3 1 6 1 1 1 1 3 1 2 1 1 1 1 1 1 1 1 2 3 1

a: +-00+-00000000-+00-+00000000+-00+-00000000-+00-+00000000+-00+-00000000
00+-0+0-0+00-+0-0+0-00+-0+0-0+00-+0-0+0-00+-0+0-0+00-+0-0+0-00+-0+0-0+
+-+-+00-0+00-+-00+-000+-0+0-+000000-0+0-00000+-00+00-+0-+00-+-+-0+0-0+
 1 1 1 1 3 2 3 1 1 3 1 4 1 2 2 1 7 2 2 6 1 3 3 1 2 1 3 1 1 1 1 2 2 2

a: +-00+-00000000-+00-+00000000+-00+-00000000-+00-+00000000+-00+-00000000
0+00-0+0-+0-00+0-0+-0+00-0+0-+0-00+0-0+-0+00-0+0-+0-00+0-0+-0+00-0+0-+
+0000-+0-+0-000+-0000+00-0+0000-+-+0-0+-0+-+-00+-+0-00+00-+-+000-0+0-+
 5 1 2 1 2 4 1 5 3 2 5 1 1 1 2 2 1 2 1 1 1 3 1 1 2 3 3 1 1 1 4 2 2 1

a: +-00+-00000000-+00-+00000000+-00+-00000000-+00-+00000000+-00+-00000000
0+00-0+-0+0-00+0-+0-0+00-0+-0+0-00+0-+0-0+00-0+-0+0-00+0-+0-0+00-0+-0+
+0000-+-0+0-000+-+-00+00-0+-+00-+-+0-+0-0+-+-0000+0-00+0000-+000-0+-0+
 5 1 1 2 2 4 1 1 1 3 3 2 1 1 3 1 1 1 2 1 2 2 1 1 1 5 2 3 5 1 4 2 1 2

a: +-00+-00000000-+00-+00000000+-00+-00000000-+00-+00000000+-00+-00000000
0+00-+00-+0-00+-00+-0+00-+00-+0-00+-00+-0+00-+00-+0-00+-00+-0+00-+00-+
+0000000-+0-000000000+00-+00000-+-+-00+-0+-+-+-+-+0-00+-+-+-+000-+00-+
 8 1 2 10 3 1 6 1 1 1 1 3 1 2 1 1 1 1 1 1 1 1 2 3 1 1 1 1 1 1 4 1 3 1

a: +-00+-00000000-+00-+00000000+-00+-00000000-+00-+00000000+-00+-00000000
0+00-+0-0+0-00+-0+0-0+00-+0-0+0-00+-0+0-0+00-+0-0+0-00+-0+0-0+00-+0-0+
+000000-0+0-00000+-00+00-+0-+00-+-+-0+0-0+-+-+-00+0-00+-+00-+000-+0-0+
 7 2 2 6 1 3 3 1 2 1 3 1 1 1 1 2 2 2 1 1 1 1 1 3 2 3 1 1 3 1 4 1 2 2

a: +-00+-00000000-+00-+00000000+-00+-00000000-+00-+00000000+-00+-00000000
0+0-00+0-+0-0+00-0+-0+0-00+0-+0-0+00-0+-0+0-00+0-+0-0+00-0+-0+0-00+0-+
+00-+-+0-+0-0+-+-0000+0-00+0000-+000-0+-0+-0000+-+0-0+000-+-+00-00+0-+
 3 1 1 1 2 1 2 2 1 1 1 5 2 3 5 1 4 2 1 2 1 5 1 1 2 2 4 1 1 1 3 3 2 1

a: +-00+-00000000-+00-+00000000+-00+-00000000-+00-+00000000+-00+-00000000
0+0-00+-0+0-0+00-+0-0+0-00+-0+0-0+00-+0-0+0-00+-0+0-0+00-+0-0+0-00+-0+
+00-+-+-0+0-0+-+-+-00+0-00+-+00-+000-+0-0+-000000+0-0+00000-+00-00+-0+
 3 1 1 1 1 2 2 2 1 1 1 1 1 3 2 3 1 1 3 1 4 1 2 2 1 7 2 2 6 1 3 3 1 2

a: +-00+-00000000-+00-+00000000+-00+-00000000-+00-+00000000+-00+-00000000
0+0-0+00-+0-0+0-00+-0+0-0+00-+0-0+0-00+-0+0-0+00-+0-0+0-00+-0+0-0+00-+
+00-+000-+0-0+-000000+0-0+00000-+00-00+-0+-00+-+-+0-0+0-+-+-+00-0+00-+
 3 1 4 1 2 2 1 7 2 2 6 1 3 3 1 2 1 3 1 1 1 1 2 2 2 1 1 1 1 1 3 2 3 1

