0 a:++0-0+--0+0-++0-0+--0+0-++0-0+
0-0+0-0+0-0+0-0+0-0+0-0+0-0+0-
+00000000000000000000000000000
 30

1 a:+00-+0-00+-0+00-+0-00+-0+00-+0
0-0+0-+00-0+0-0+-00+0-0+0-+00-
+-00+-+000-+0-00000+00-+0-+-+-
 1 3 1 1 4 1 2 6 3 1 2 1 1 1 1

2 a:+00-+0-00+-0+00-+0-00+-0+00-+0
0-0+-0+00-0+0-+0-00+0-0+-0+00-
+-0000+000-+0-+-000+00-+-0+-+-
 1 5 4 1 2 1 1 4 3 1 1 2 1 1 1

3 a:+00-+0-00+-0+00-+0-00+-0+00-+0
0-+00-+00-0+-00+-00+0-+00-+00-
+-+-+-+000-+-000000+00000-+-+-
 1 1 1 1 1 1 4 1 1 7 6 1 1 1 1

4 a:+00-+0-00+-0+00-+0-00+-0+00-+0
0-+0-0+00-0+-0+0-00+0-+0-0+00-
+-+-00+000-+-0+-000+0000-0+-+-
 1 1 1 3 4 1 1 2 1 4 5 2 1 1 1

5 a:+00000-00000+00000-00000+00000
000000000000000000000000000000
+00000000000000000000000000000
 30

6 a:+-00+--+00-++-00+--+00-++-00+-
000000+-00000000-+00000000+-00
+-00+-+000-+0-00000+00-+0-+-+-
 1 3 1 1 4 1 2 6 3 1 2 1 1 1 1

7 a:+-00+--+00-++-00+--+00-++-00+-
0000-++-000000+--+000000-++-00
+-0000+000-+0-+-000+00-+-0+-+-
 1 5 4 1 2 1 1 4 3 1 1 2 1 1 1

8 a:+-00+--+00-++-00+--+00-++-00+-
00+-00+-0000-+00-+0000+-00+-00
+-+-+-+000-+-000000+00000-+-+-
 1 1 1 1 1 1 4 1 1 7 6 1 1 1 1

9 a:+-00+--+00-++-00+--+00-++-00+-
00+--++-0000-++--+0000+--++-00
+-+-00+000-+-0+-000+0000-0+-+-
 1 1 1 3 4 1 1 2 1 4 5 2 1 1 1

10 a:+-0+0--+0-0++-0+0--+0-0++-0+0-
0+0-0+0-0+0-0+0-0+0-0+0-0+0-0+
+00000000000000000000000000000
 30

