299210675723930612715657091299381033425001
291331187687783346263726407408026880976001
291022954125237762179928947888213997479001
291319833353829447437215211431420432985001
315276183054456245327976235385848777784001
315172812705269975867797007816146006946001
315263512035592313362563464262756206291001
315274951274621290270381416387527527142001
312319635994651704404324760142070734910001
320301581452177421754503422771417630481001
320497124567832661011915263549346797789001
320596114355935537968327565216982029286001
320596923763646205919125651556415091938001
322336858264273657622314621773975551528001
322337758287770158131527274327640936394001
322338195519305420105331968852932296026001
322358436021263992528661628383192984633001
322359640885395089709698325010070451476001
322929385777873544666522336131330998749001
322949706314924047679240175176640935933001
322960655204101045615975020229337998364001
322961871736904601485417248873690572359001
323155300576160838980354101308609776426001
323158093355416505876078640842431646498001
729402355002678717038466956086929311318001
