107621190917439528057576941600457509540001
107741547099998116923561149757217936790001
251422263047731459965656184905997342008001
248433640578987887773676889745532428250001
250492020451611655985023395252361314611001
250525001469735778507799970513080449883001
250531895519643464961505879055756010896001
251324137682911390839385770015172048307001
251388605619397819100957740662529533899001
251418746824759217744121004149677495636001
251421451469063151608933215412430228383001
226590935468244838784629586993294244668001
227379234168046852446260077697610980687001
216824588847061420205740560472597698380001
216835147177561589659844608908319705202001
323253704604949086146876136126219783188001
323257317429902173298634850669366539698001
323257864663715689987295348037116942300001
323257848098871326213572949029956167144001
323257844754508253293983910710994399334001
296542412013747859800510227174238942794001
296519157746672489367163766368687171613001
296651900014896467314439712913615205483001
298414652227330118336840208609635886893001
298983183924547873513762628016623125430001
