3593016895238771992116083988281717411001
9278704335091795440561200788695810524001
11961551173393434663528909879510397496001
35917094956539120493494302441274496214001
35917393123833024688373808958367316152001
35917543669492933330852318337096201372001
35917545351966215690616248524064227049001
35030692004736528898897347885820330325001
35610978522505241383707905190577942526001
35884649074703581420105398586075004375001
35906580049833926645796509069020711016001
35913880865086713797251550099579140466001
83807471079017444998455914762202507950001
83807200552794675546214924931013470075001
107751375052315170945492107137881453725001
107752215917216671542280196126601294188001
96978459575580022877005241641180800560001
97099452102066417657462037076973099749001
105087887408304396130758341214455462711001
105090861152174003354422661699691187130001
104171096686698025732673236322403031118001
104171957776702646324237393954286567122001
106832785378194849121412156191123645736001
106864552085538020386111501566615233168001
107654052359495347071285468250320349349001
