20 1 1 1 1 2 2 2 1 1 1 1 2 4 1 2 1 13 1 1 2 2 1 1 2 1 1 1 1 1 3 1 2 1 1 1 13 1 3 1 2 1 1 1 1
20 1 1 1 1 2 2 2 1 13 1 1 1 2 1 3 1 1 1 1 1 2 1 2 1 2 1 1 13 1 2 1 4 2 1 1 1 1 3 1 2 1 1 1 1
20 1 1 1 1 3 1 2 1 1 1 1 2 4 1 2 1 13 1 1 3 1 1 1 2 1 1 1 1 1 3 1 2 1 1 1 13 1 1 1 1 1 2 1 1 1 1
20 1 1 1 1 3 1 2 1 13 1 1 1 2 1 3 1 1 1 1 1 2 2 1 1 2 1 1 13 1 2 1 4 2 1 1 1 1 1 1 1 1 2 1 1 1 1
20 1 1 1 1 4 1 1 1 1 1 1 2 4 1 2 1 13 1 1 4 2 2 1 1 1 1 1 3 1 2 1 1 1 13 1 1 2 3 1 1 1 1
20 1 1 1 1 4 1 1 1 13 1 1 1 2 1 3 1 1 1 1 1 2 3 3 1 1 13 1 2 1 4 2 1 1 1 1 1 2 3 1 1 1 1
20 1 1 1 1 6 1 1 1 1 2 4 1 2 1 13 1 1 5 1 2 1 1 1 1 1 3 1 2 1 1 1 13 1 1 3 2 1 1 1 1
20 1 1 1 1 6 1 13 1 1 1 2 1 3 1 1 1 1 1 2 4 2 1 1 13 1 2 1 4 2 1 1 1 1 1 3 2 1 1 1 1
20 1 1 1 2 1 1 1 1 1 1 1 1 1 2 4 1 2 1 13 1 2 1 1 1 2 2 1 1 1 1 1 3 1 2 1 1 1 16 1 3 1 1 1 1
20 1 1 1 2 1 1 3 1 1 1 1 2 4 1 2 1 13 1 2 1 1 2 1 2 1 1 1 1 1 3 1 2 1 1 1 16 2 2 1 1 1 1
20 1 1 1 2 1 2 2 1 1 1 1 2 4 1 2 1 13 1 2 1 2 1 1 2 1 1 1 1 1 3 1 2 1 1 1 17 1 2 1 1 1 1
20 1 1 1 2 1 3 1 1 1 1 1 2 4 1 2 1 13 1 2 1 4 2 1 1 1 1 1 3 1 2 1 1 1 20 1 1 1 1
20 1 1 1 2 2 1 2 1 1 1 1 2 4 1 2 1 13 1 2 2 1 1 1 2 1 1 1 1 1 3 1 2 1 1 1 15 1 1 1 2 1 1 1 1
20 1 1 1 2 2 2 1 1 1 1 1 2 4 1 2 1 13 1 2 2 3 2 1 1 1 1 1 3 1 2 1 1 1 15 1 4 1 1 1 1
20 1 1 1 2 3 1 1 1 1 1 1 2 4 1 2 1 13 1 2 3 2 2 1 1 1 1 1 3 1 2 1 1 1 15 2 3 1 1 1 1
20 1 1 1 2 5 1 1 1 1 2 4 1 2 1 13 1 2 4 1 2 1 1 1 1 1 3 1 2 1 1 1 15 3 2 1 1 1 1
20 1 1 10 1 1 1 2 1 4 1 2 1 9 1 2 8 1 2 1 3 1 3 1 2 1 1 1 7 1 2 1 1 2 1 3 2 1 1
20 1 1 2 1 1 1 1 1 1 1 1 1 1 2 4 1 2 1 13 2 1 1 1 1 2 2 1 1 1 1 1 3 1 2 1 1 1 12 1 3 1 3 1 1 1 1
20 1 1 2 1 1 1 1 2 4 1 7 1 1 1 2 1 3 1 3 1 2 1 1 1 5 3 1 9 1 2 1 4 1 2 1 1 1 2 1 5 1 1 1 1
20 1 1 2 1 1 1 2 1 4 1 7 1 1 1 2 1 3 1 3 1 2 1 1 1 2 1 2 3 1 9 1 2 1 4 1 2 1 1 1 2 1 2 1 2 1 1 1 1
20 1 1 2 1 1 1 3 1 1 1 1 2 4 1 2 1 13 2 1 1 1 2 1 2 1 1 1 1 1 3 1 2 1 1 1 12 1 3 2 2 1 1 1 1
20 1 1 2 1 1 2 2 1 1 1 1 2 4 1 2 1 13 2 1 1 2 1 1 2 1 1 1 1 1 3 1 2 1 1 1 12 1 4 1 2 1 1 1 1
20 1 1 2 1 1 3 1 1 1 1 1 2 4 1 2 1 13 2 1 1 4 2 1 1 1 1 1 3 1 2 1 1 1 12 1 7 1 1 1 1
20 1 1 2 1 2 1 2 1 1 1 1 2 4 1 2 1 13 2 1 2 1 1 1 2 1 1 1 1 1 3 1 2 1 1 1 12 1 2 1 1 1 2 1 1 1 1
20 1 1 2 1 2 2 1 1 1 1 1 2 4 1 2 1 13 2 1 2 3 2 1 1 1 1 1 3 1 2 1 1 1 12 1 2 1 4 1 1 1 1
20 1 1 2 1 3 1 1 1 1 1 1 2 4 1 2 1 13 2 1 3 2 2 1 1 1 1 1 3 1 2 1 1 1 12 1 2 2 3 1 1 1 1
20 1 1 2 1 3 2 4 1 7 1 1 1 2 1 3 1 3 1 2 1 1 2 4 3 1 9 1 2 1 4 1 2 1 1 1 2 2 4 1 1 1 1
20 1 1 2 1 4 1 4 1 7 1 1 1 2 1 3 1 3 1 2 1 1 2 1 1 2 3 1 9 1 2 1 4 1 2 1 1 1 2 2 1 1 2 1 1 1 1
20 1 1 2 1 5 1 1 1 1 2 4 1 2 1 13 2 1 4 1 2 1 1 1 1 1 3 1 2 1 1 1 12 1 2 3 2 1 1 1 1
20 1 1 2 2 2 2 4 1 7 1 1 1 2 1 3 1 3 1 2 1 2 1 4 3 1 9 1 2 1 4 1 2 1 1 1 3 1 4 1 1 1 1
20 1 1 2 2 3 1 4 1 7 1 1 1 2 1 3 1 3 1 2 1 2 1 1 1 2 3 1 9 1 2 1 4 1 2 1 1 1 3 1 1 1 2 1 1 1 1
20 1 1 2 3 1 2 4 1 7 1 1 1 2 1 3 1 3 1 2 1 7 3 1 9 1 2 1 4 1 2 1 1 1 8 1 1 1 1
20 1 1 2 3 2 1 4 1 7 1 1 1 2 1 3 1 3 1 2 1 4 1 2 3 1 9 1 2 1 4 1 2 1 1 1 5 1 2 1 1 1 1
20 1 1 3 1 2 2 4 1 7 1 1 1 2 1 3 1 3 1 2 2 1 1 4 3 1 9 1 2 1 4 1 2 1 1 1 1 1 1 1 4 1 1 1 1
20 1 1 3 1 3 1 4 1 7 1 1 1 2 1 3 1 3 1 2 2 1 1 1 1 2 3 1 9 1 2 1 4 1 2 1 1 1 1 1 1 1 1 1 2 1 1 1 1
20 1 1 3 2 1 2 4 1 7 1 1 1 2 1 3 1 3 1 2 2 6 3 1 9 1 2 1 4 1 2 1 1 1 1 1 6 1 1 1 1
20 1 1 3 2 2 1 4 1 7 1 1 1 2 1 3 1 3 1 2 2 3 1 2 3 1 9 1 2 1 4 1 2 1 1 1 1 1 3 1 2 1 1 1 1
20 1 1 4 1 1 1 1 1 1 1 1 1 2 1 4 1 2 1 9 1 2 3 1 1 1 1 2 2 1 3 1 3 1 2 1 1 1 7 1 2 1 1 1 3 1 3 1 1
20 1 1 4 1 1 1 1 1 1 1 1 2 4 1 2 1 13 4 1 1 2 2 1 1 1 1 1 3 1 2 1 1 1 12 2 2 1 3 1 1 1 1
20 1 1 4 1 1 1 1 1 13 1 1 1 2 1 3 1 1 1 1 2 1 1 1 1 3 1 1 13 1 2 1 4 2 1 3 2 1 3 1 1 1 1
20 1 1 4 1 1 1 15 1 1 1 2 1 3 1 1 1 1 2 1 1 1 1 2 2 1 13 1 2 1 4 2 1 3 2 1 2 2 1 1 1
20 1 1 4 1 1 1 2 1 12 1 1 1 2 1 3 1 1 1 1 2 1 1 1 1 2 1 2 13 1 2 1 4 2 1 3 2 1 2 1 2 1 1
20 1 1 4 1 1 1 3 1 1 1 2 1 4 1 2 1 9 1 2 3 1 1 1 2 1 2 1 3 1 3 1 2 1 1 1 7 1 2 1 1 1 3 2 2 1 1
20 1 1 4 1 1 2 2 1 1 1 2 1 4 1 2 1 9 1 2 3 1 1 2 1 1 2 1 3 1 3 1 2 1 1 1 7 1 2 1 1 1 4 1 2 1 1
20 1 1 4 1 1 2 4 1 7 1 1 1 2 1 3 1 3 1 2 3 5 3 1 9 1 2 1 4 1 2 1 1 1 1 2 5 1 1 1 1
20 1 1 4 1 17 1 1 1 2 1 3 1 1 1 1 2 1 1 1 2 1 2 1 13 1 2 1 4 2 1 3 2 2 1 2 1 1 1
20 1 1 4 1 2 1 2 1 1 1 2 1 4 1 2 1 9 1 2 3 1 2 1 1 1 2 1 3 1 3 1 2 1 1 1 7 1 2 1 1 1 2 1 1 1 2 1 1
20 1 1 4 1 2 1 4 1 7 1 1 1 2 1 3 1 3 1 2 3 2 1 2 3 1 9 1 2 1 4 1 2 1 1 1 1 2 2 1 2 1 1 1 1
20 1 1 4 1 2 2 1 1 1 1 2 1 4 1 2 1 9 1 2 3 1 2 3 2 1 3 1 3 1 2 1 1 1 7 1 2 1 1 1 2 1 4 1 1
20 1 1 4 1 3 1 1 1 1 1 2 1 4 1 2 1 9 1 2 3 1 3 2 2 1 3 1 3 1 2 1 1 1 7 1 2 1 1 1 2 2 3 1 1
20 1 1 4 1 3 1 1 1 1 2 4 1 2 1 13 4 1 2 1 2 1 1 1 1 1 3 1 2 1 1 1 12 2 2 2 2 1 1 1 1
20 1 1 4 1 3 1 13 1 1 1 2 1 3 1 1 1 1 2 1 1 1 2 2 1 1 13 1 2 1 4 2 1 3 2 2 2 1 1 1 1
20 1 1 4 1 4 1 12 1 1 1 2 1 3 1 1 1 1 2 1 1 1 2 1 1 2 13 1 2 1 4 2 1 3 2 2 1 1 2 1 1
20 1 1 4 1 5 1 1 1 2 1 4 1 2 1 9 1 2 3 1 4 1 2 1 3 1 3 1 2 1 1 1 7 1 2 1 1 1 2 3 2 1 1
20 1 1 4 2 16 1 1 1 2 1 3 1 1 1 1 2 1 1 2 1 1 2 1 13 1 2 1 4 2 1 3 3 1 1 2 1 1 1
20 1 1 4 2 2 1 1 1 1 2 4 1 2 1 13 4 2 1 1 2 1 1 1 1 1 3 1 2 1 1 1 12 2 3 1 2 1 1 1 1
20 1 1 4 2 2 1 13 1 1 1 2 1 3 1 1 1 1 2 1 1 2 1 2 1 1 13 1 2 1 4 2 1 3 3 1 2 1 1 1 1
20 1 1 4 2 2 2 12 1 1 1 2 1 3 1 1 1 1 2 1 1 2 1 4 13 1 2 1 4 2 1 3 3 1 4 1 1
20 1 1 4 2 2 3 1 2 4 1 2 1 13 4 2 1 1 1 2 1 1 1 1 3 1 2 1 1 1 12 2 3 1 4 1 1
20 1 1 4 2 3 1 12 1 1 1 2 1 3 1 1 1 1 2 1 1 2 1 1 1 2 13 1 2 1 4 2 1 3 3 1 1 1 2 1 1
20 1 1 4 3 1 1 1 1 1 2 4 1 2 1 13 4 4 2 1 1 1 1 1 3 1 2 1 1 1 12 2 6 1 1 1 1
20 1 1 4 3 1 1 13 1 1 1 2 1 3 1 1 1 1 2 1 1 5 1 1 13 1 2 1 4 2 1 3 6 1 1 1 1
20 1 1 4 3 15 1 1 1 2 1 3 1 1 1 1 2 1 1 4 2 1 13 1 2 1 4 2 1 3 5 2 1 1 1
20 1 1 4 3 2 1 12 1 1 1 2 1 3 1 1 1 1 2 1 1 4 1 2 13 1 2 1 4 2 1 3 5 1 2 1 1
20 1 1 5 1 16 1 1 1 2 1 3 1 1 1 1 2 1 2 1 1 1 2 1 13 1 2 1 4 2 1 3 1 1 1 1 1 2 1 1 1
20 1 1 5 1 2 1 1 1 1 2 4 1 2 1 13 5 1 1 1 2 1 1 1 1 1 3 1 2 1 1 1 12 2 1 1 1 1 2 1 1 1 1
20 1 1 5 1 2 1 13 1 1 1 2 1 3 1 1 1 1 2 1 2 1 1 2 1 1 13 1 2 1 4 2 1 3 1 1 1 1 2 1 1 1 1
20 1 1 5 1 2 2 12 1 1 1 2 1 3 1 1 1 1 2 1 2 1 1 4 13 1 2 1 4 2 1 3 1 1 1 1 4 1 1
20 1 1 5 1 2 3 1 2 4 1 2 1 13 5 1 1 1 1 2 1 1 1 1 3 1 2 1 1 1 12 2 1 1 1 1 4 1 1
20 1 1 5 1 3 1 12 1 1 1 2 1 3 1 1 1 1 2 1 2 1 1 1 1 2 13 1 2 1 4 2 1 3 1 1 1 1 1 1 2 1 1
20 1 1 5 2 1 1 1 1 1 2 4 1 2 1 13 5 3 2 1 1 1 1 1 3 1 2 1 1 1 12 2 1 1 4 1 1 1 1
20 1 1 5 2 1 1 13 1 1 1 2 1 3 1 1 1 1 2 1 2 4 1 1 13 1 2 1 4 2 1 3 1 1 4 1 1 1 1
20 1 1 5 2 15 1 1 1 2 1 3 1 1 1 1 2 1 2 3 2 1 13 1 2 1 4 2 1 3 1 1 3 2 1 1 1
20 1 1 5 2 2 1 12 1 1 1 2 1 3 1 1 1 1 2 1 2 3 1 2 13 1 2 1 4 2 1 3 1 1 3 1 2 1 1
20 1 1 6 1 1 1 1 1 1 1 2 1 4 1 2 1 9 1 2 5 1 1 2 2 1 3 1 3 1 2 1 1 1 7 1 2 1 1 2 2 1 3 1 1
20 1 1 6 1 1 1 1 1 1 2 4 1 2 1 13 6 2 2 1 1 1 1 1 3 1 2 1 1 1 12 2 1 2 3 1 1 1 1
20 1 1 6 1 1 1 13 1 1 1 2 1 3 1 1 1 1 2 1 3 3 1 1 13 1 2 1 4 2 1 3 1 2 3 1 1 1 1
20 1 1 6 1 1 2 12 1 1 1 2 1 3 1 1 1 1 2 1 3 5 13 1 2 1 4 2 1 3 1 2 5 1 1
20 1 1 6 1 1 3 1 2 4 1 2 1 13 6 2 1 2 1 1 1 1 3 1 2 1 1 1 12 2 1 2 5 1 1
20 1 1 6 1 15 1 1 1 2 1 3 1 1 1 1 2 1 3 2 2 1 13 1 2 1 4 2 1 3 1 2 2 2 1 1 1
20 1 1 6 1 2 1 12 1 1 1 2 1 3 1 1 1 1 2 1 3 2 1 2 13 1 2 1 4 2 1 3 1 2 2 1 2 1 1
20 1 1 6 1 3 1 1 1 2 1 4 1 2 1 9 1 2 5 1 2 1 2 1 3 1 3 1 2 1 1 1 7 1 2 1 1 2 2 2 2 1 1
20 1 1 6 2 2 1 1 1 2 1 4 1 2 1 9 1 2 5 2 1 1 2 1 3 1 3 1 2 1 1 1 7 1 2 1 1 2 3 1 2 1 1
20 1 1 6 2 4 1 7 1 1 1 2 1 3 1 3 1 2 4 4 3 1 9 1 2 1 4 1 2 1 1 1 1 3 4 1 1 1 1
20 1 1 6 3 1 1 1 1 2 1 4 1 2 1 9 1 2 5 4 2 1 3 1 3 1 2 1 1 1 7 1 2 1 1 2 6 1 1
20 1 1 7 1 1 1 2 1 7 1 1 1 2 1 3 1 3 1 2 4 1 1 3 2 1 9 1 2 1 4 1 2 1 1 1 1 3 1 1 4 1 1
20 1 1 7 1 2 1 1 1 2 1 4 1 2 1 9 1 2 6 1 1 1 2 1 3 1 3 1 2 1 1 1 7 1 2 1 1 2 1 1 1 1 2 1 1
20 1 1 7 1 4 1 7 1 1 1 2 1 3 1 3 1 2 4 1 1 2 3 1 9 1 2 1 4 1 2 1 1 1 1 3 1 1 2 1 1 1 1
20 1 1 7 2 1 1 1 1 2 1 4 1 2 1 9 1 2 6 3 2 1 3 1 3 1 2 1 1 1 7 1 2 1 1 2 1 1 4 1 1
20 1 1 8 1 1 1 1 1 2 1 4 1 2 1 9 1 2 7 2 2 1 3 1 3 1 2 1 1 1 7 1 2 1 1 2 1 2 3 1 1
20 1 1 8 1 1 1 1 2 4 1 2 1 13 7 1 2 1 1 1 1 1 3 1 2 1 1 1 12 2 1 3 2 1 1 1 1
20 1 1 8 1 13 1 1 1 2 1 3 1 1 1 1 2 1 4 2 1 1 13 1 2 1 4 2 1 3 1 3 2 1 1 1 1
20 1 1 8 2 12 1 1 1 2 1 3 1 1 1 1 2 1 4 4 13 1 2 1 4 2 1 3 1 3 4 1 1
20 1 1 8 3 1 2 4 1 2 1 13 7 1 1 2 1 1 1 1 3 1 2 1 1 1 12 2 1 3 4 1 1
20 1 1 9 1 12 1 1 1 2 1 3 1 1 1 1 2 1 4 1 1 2 13 1 2 1 4 2 1 3 1 3 1 1 2 1 1
20 1 2 3 1 1 1 1 1 13 1 1 1 2 1 3 1 1 1 2 1 1 1 1 1 3 1 1 13 1 2 1 4 2 2 2 2 1 3 1 1 1 1
20 1 2 3 1 1 1 1 2 12 1 1 1 2 1 3 1 1 1 2 1 1 1 1 1 5 13 1 2 1 4 2 2 2 2 1 5 1 1
20 1 2 3 1 1 1 15 1 1 1 2 1 3 1 1 1 2 1 1 1 1 1 2 2 1 13 1 2 1 4 2 2 2 2 1 2 2 1 1 1
20 1 2 3 1 1 1 2 1 12 1 1 1 2 1 3 1 1 1 2 1 1 1 1 1 2 1 2 13 1 2 1 4 2 2 2 2 1 2 1 2 1 1
20 1 2 3 1 17 1 1 1 2 1 3 1 1 1 2 1 1 1 1 2 1 2 1 13 1 2 1 4 2 2 2 2 2 1 2 1 1 1
20 1 2 3 1 3 1 13 1 1 1 2 1 3 1 1 1 2 1 1 1 1 2 2 1 1 13 1 2 1 4 2 2 2 2 2 2 1 1 1 1
20 1 2 3 1 3 2 12 1 1 1 2 1 3 1 1 1 2 1 1 1 1 2 4 13 1 2 1 4 2 2 2 2 2 4 1 1
20 1 2 3 1 4 1 12 1 1 1 2 1 3 1 1 1 2 1 1 1 1 2 1 1 2 13 1 2 1 4 2 2 2 2 2 1 1 2 1 1
20 1 2 3 2 16 1 1 1 2 1 3 1 1 1 2 1 1 1 2 1 1 2 1 13 1 2 1 4 2 2 2 3 1 1 2 1 1 1
20 1 2 3 2 2 1 13 1 1 1 2 1 3 1 1 1 2 1 1 1 2 1 2 1 1 13 1 2 1 4 2 2 2 3 1 2 1 1 1 1
20 1 2 3 2 2 2 12 1 1 1 2 1 3 1 1 1 2 1 1 1 2 1 4 13 1 2 1 4 2 2 2 3 1 4 1 1
20 1 2 3 2 3 1 12 1 1 1 2 1 3 1 1 1 2 1 1 1 2 1 1 1 2 13 1 2 1 4 2 2 2 3 1 1 1 2 1 1
20 1 2 3 3 1 1 13 1 1 1 2 1 3 1 1 1 2 1 1 1 5 1 1 13 1 2 1 4 2 2 2 6 1 1 1 1
20 1 2 3 3 1 2 12 1 1 1 2 1 3 1 1 1 2 1 1 1 7 13 1 2 1 4 2 2 2 8 1 1
20 1 2 3 3 15 1 1 1 2 1 3 1 1 1 2 1 1 1 4 2 1 13 1 2 1 4 2 2 2 5 2 1 1 1
20 1 2 3 3 2 1 12 1 1 1 2 1 3 1 1 1 2 1 1 1 4 1 2 13 1 2 1 4 2 2 2 5 1 2 1 1
20 1 2 4 1 16 1 1 1 2 1 3 1 1 1 2 1 1 2 1 1 1 2 1 13 1 2 1 4 2 2 2 1 1 1 1 1 2 1 1 1
20 1 2 4 1 2 1 13 1 1 1 2 1 3 1 1 1 2 1 1 2 1 1 2 1 1 13 1 2 1 4 2 2 2 1 1 1 1 2 1 1 1 1
20 1 2 4 1 2 2 12 1 1 1 2 1 3 1 1 1 2 1 1 2 1 1 4 13 1 2 1 4 2 2 2 1 1 1 1 4 1 1
20 1 2 4 1 3 1 12 1 1 1 2 1 3 1 1 1 2 1 1 2 1 1 1 1 2 13 1 2 1 4 2 2 2 1 1 1 1 1 1 2 1 1
20 1 2 4 2 1 1 13 1 1 1 2 1 3 1 1 1 2 1 1 2 4 1 1 13 1 2 1 4 2 2 2 1 1 4 1 1 1 1
20 1 2 4 2 1 2 12 1 1 1 2 1 3 1 1 1 2 1 1 2 6 13 1 2 1 4 2 2 2 1 1 6 1 1
20 1 2 4 2 15 1 1 1 2 1 3 1 1 1 2 1 1 2 3 2 1 13 1 2 1 4 2 2 2 1 1 3 2 1 1 1
20 1 2 4 2 2 1 12 1 1 1 2 1 3 1 1 1 2 1 1 2 3 1 2 13 1 2 1 4 2 2 2 1 1 3 1 2 1 1
20 1 2 5 1 1 1 13 1 1 1 2 1 3 1 1 1 2 1 1 3 3 1 1 13 1 2 1 4 2 2 2 1 2 3 1 1 1 1
20 1 2 5 1 1 2 12 1 1 1 2 1 3 1 1 1 2 1 1 3 5 13 1 2 1 4 2 2 2 1 2 5 1 1
20 1 2 5 1 15 1 1 1 2 1 3 1 1 1 2 1 1 3 2 2 1 13 1 2 1 4 2 2 2 1 2 2 2 1 1 1
20 1 2 5 1 2 1 12 1 1 1 2 1 3 1 1 1 2 1 1 3 2 1 2 13 1 2 1 4 2 2 2 1 2 2 1 2 1 1
20 1 2 7 1 13 1 1 1 2 1 3 1 1 1 2 1 1 4 2 1 1 13 1 2 1 4 2 2 2 1 3 2 1 1 1 1
20 1 2 7 2 12 1 1 1 2 1 3 1 1 1 2 1 1 4 4 13 1 2 1 4 2 2 2 1 3 4 1 1
20 1 2 8 1 12 1 1 1 2 1 3 1 1 1 2 1 1 4 1 1 2 13 1 2 1 4 2 2 2 1 3 1 1 2 1 1
20 1 3 2 1 1 1 1 1 13 1 1 1 2 1 3 1 1 1 4 1 1 1 3 1 1 13 1 2 1 4 2 3 1 2 1 3 1 1 1 1
20 1 3 2 1 1 1 1 2 12 1 1 1 2 1 3 1 1 1 4 1 1 1 5 13 1 2 1 4 2 3 1 2 1 5 1 1
20 1 3 2 1 1 1 15 1 1 1 2 1 3 1 1 1 4 1 1 1 2 2 1 13 1 2 1 4 2 3 1 2 1 2 2 1 1 1
20 1 3 2 1 1 1 2 1 12 1 1 1 2 1 3 1 1 1 4 1 1 1 2 1 2 13 1 2 1 4 2 3 1 2 1 2 1 2 1 1
20 1 3 2 1 17 1 1 1 2 1 3 1 1 1 4 1 1 2 1 2 1 13 1 2 1 4 2 3 1 2 2 1 2 1 1 1
20 1 3 2 1 3 1 13 1 1 1 2 1 3 1 1 1 4 1 1 2 2 1 1 13 1 2 1 4 2 3 1 2 2 2 1 1 1 1
20 1 3 2 1 3 2 12 1 1 1 2 1 3 1 1 1 4 1 1 2 4 13 1 2 1 4 2 3 1 2 2 4 1 1
20 1 3 2 1 4 1 12 1 1 1 2 1 3 1 1 1 4 1 1 2 1 1 2 13 1 2 1 4 2 3 1 2 2 1 1 2 1 1
20 1 3 2 2 16 1 1 1 2 1 3 1 1 1 4 1 2 1 1 2 1 13 1 2 1 4 2 3 1 3 1 1 2 1 1 1
20 1 3 2 2 2 1 13 1 1 1 2 1 3 1 1 1 4 1 2 1 2 1 1 13 1 2 1 4 2 3 1 3 1 2 1 1 1 1
20 1 3 2 2 2 2 12 1 1 1 2 1 3 1 1 1 4 1 2 1 4 13 1 2 1 4 2 3 1 3 1 4 1 1
20 1 3 2 2 3 1 12 1 1 1 2 1 3 1 1 1 4 1 2 1 1 1 2 13 1 2 1 4 2 3 1 3 1 1 1 2 1 1
20 1 3 2 3 1 1 13 1 1 1 2 1 3 1 1 1 4 1 5 1 1 13 1 2 1 4 2 3 1 6 1 1 1 1
20 1 3 2 3 1 2 12 1 1 1 2 1 3 1 1 1 4 1 7 13 1 2 1 4 2 3 1 8 1 1
20 1 3 2 3 15 1 1 1 2 1 3 1 1 1 4 1 4 2 1 13 1 2 1 4 2 3 1 5 2 1 1 1
20 1 3 2 3 2 1 12 1 1 1 2 1 3 1 1 1 4 1 4 1 2 13 1 2 1 4 2 3 1 5 1 2 1 1
20 1 3 3 1 16 1 1 1 2 1 3 1 1 1 4 2 1 1 1 2 1 13 1 2 1 4 2 3 1 1 1 1 1 1 2 1 1 1
20 1 3 3 1 2 1 13 1 1 1 2 1 3 1 1 1 4 2 1 1 2 1 1 13 1 2 1 4 2 3 1 1 1 1 1 2 1 1 1 1
20 1 3 3 1 2 2 12 1 1 1 2 1 3 1 1 1 4 2 1 1 4 13 1 2 1 4 2 3 1 1 1 1 1 4 1 1
20 1 3 3 1 3 1 12 1 1 1 2 1 3 1 1 1 4 2 1 1 1 1 2 13 1 2 1 4 2 3 1 1 1 1 1 1 1 2 1 1
20 1 3 3 2 1 1 13 1 1 1 2 1 3 1 1 1 4 2 4 1 1 13 1 2 1 4 2 3 1 1 1 4 1 1 1 1
20 1 3 3 2 1 2 12 1 1 1 2 1 3 1 1 1 4 2 6 13 1 2 1 4 2 3 1 1 1 6 1 1
20 1 3 3 2 15 1 1 1 2 1 3 1 1 1 4 2 3 2 1 13 1 2 1 4 2 3 1 1 1 3 2 1 1 1
20 1 3 3 2 2 1 12 1 1 1 2 1 3 1 1 1 4 2 3 1 2 13 1 2 1 4 2 3 1 1 1 3 1 2 1 1
20 1 3 4 1 1 1 13 1 1 1 2 1 3 1 1 1 4 3 3 1 1 13 1 2 1 4 2 3 1 1 2 3 1 1 1 1
20 1 3 4 1 1 2 12 1 1 1 2 1 3 1 1 1 4 3 5 13 1 2 1 4 2 3 1 1 2 5 1 1
20 1 3 4 1 15 1 1 1 2 1 3 1 1 1 4 3 2 2 1 13 1 2 1 4 2 3 1 1 2 2 2 1 1 1
20 1 3 4 1 2 1 12 1 1 1 2 1 3 1 1 1 4 3 2 1 2 13 1 2 1 4 2 3 1 1 2 2 1 2 1 1
20 1 3 6 1 13 1 1 1 2 1 3 1 1 1 4 4 2 1 1 13 1 2 1 4 2 3 1 1 3 2 1 1 1 1
20 1 3 6 2 12 1 1 1 2 1 3 1 1 1 4 4 4 13 1 2 1 4 2 3 1 1 3 4 1 1
20 1 3 7 1 12 1 1 1 2 1 3 1 1 1 4 4 1 1 2 13 1 2 1 4 2 3 1 1 3 1 1 2 1 1
20 10 1 1 1 1 1 2 1 4 1 2 1 9 2 1 7 2 2 1 3 1 3 1 2 1 1 1 7 2 1 1 1 2 1 2 3 1 1
20 10 1 1 1 1 2 4 1 2 1 12 8 1 2 1 1 1 1 1 3 1 2 1 1 1 10 1 1 2 1 3 2 1 1 1 1
20 10 1 1 3 2 1 4 1 2 1 9 2 1 7 2 1 2 3 1 3 1 2 1 1 1 7 2 1 1 1 2 1 2 5
20 10 1 1 4 4 1 2 1 12 8 1 2 3 1 1 3 1 2 1 1 1 10 1 1 2 1 3 2 1 3
20 10 1 13 1 1 1 2 1 3 1 1 4 1 4 2 1 1 13 1 2 1 4 6 1 3 2 1 1 1 1
20 10 1 2 1 10 1 1 1 2 1 3 1 1 4 1 4 2 1 2 12 1 2 1 4 6 1 3 2 1 3
20 10 1 2 3 4 1 2 1 12 8 1 3 2 1 1 3 1 2 1 1 1 10 1 1 2 1 3 2 2 2
20 10 1 3 2 4 1 2 1 12 8 1 4 1 1 1 3 1 2 1 1 1 10 1 1 2 1 3 2 3 1
20 10 2 1 1 10 1 1 1 2 1 3 1 1 4 1 4 5 12 1 2 1 4 6 1 3 6
20 10 2 1 3 4 1 2 1 12 8 1 1 1 1 2 1 1 3 1 2 1 1 1 10 1 1 2 1 3 3 1 2
20 10 2 12 1 1 1 2 1 3 1 1 4 1 4 4 13 1 2 1 4 6 1 3 4 1 1
20 10 2 2 2 4 1 2 1 12 8 1 1 1 2 1 1 1 3 1 2 1 1 1 10 1 1 2 1 3 3 2 1
20 10 3 1 2 4 1 2 1 12 8 1 1 2 1 1 1 1 3 1 2 1 1 1 10 1 1 2 1 3 4 1 1
20 10 6 4 1 2 1 12 8 1 1 4 1 1 3 1 2 1 1 1 10 1 1 2 1 3 6
20 11 1 1 1 10 1 1 1 2 1 3 1 1 4 1 4 1 1 3 12 1 2 1 4 6 1 3 1 1 4
20 11 1 1 2 1 1 4 1 2 1 10 1 1 8 1 2 2 2 1 3 1 2 1 1 1 8 1 1 1 1 2 1 3 2 1 2
20 11 1 1 2 5 1 1 1 2 1 3 1 6 4 1 2 1 2 1 1 2 7 1 2 1 4 1 4 1 1 3 1 2 1 1 2 1 2
20 11 1 12 1 1 1 2 1 3 1 1 4 1 4 1 1 2 13 1 2 1 4 6 1 3 1 1 2 1 1
20 11 1 2 1 1 1 4 1 2 1 10 1 1 8 1 3 1 2 1 3 1 2 1 1 1 8 1 1 1 1 2 1 3 2 2 1
20 11 1 2 1 5 1 1 1 2 1 3 1 6 4 1 2 1 2 1 2 1 7 1 2 1 4 1 4 1 1 3 1 2 1 1 2 2 1
20 11 2 1 1 1 1 4 1 2 1 10 1 1 8 1 1 1 1 1 2 1 3 1 2 1 1 1 8 1 1 1 1 2 1 3 3 1 1
20 11 2 1 1 5 1 1 1 2 1 3 1 6 4 1 2 1 2 2 1 1 7 1 2 1 4 1 4 1 1 3 1 2 1 1 3 1 1
20 11 4 1 1 4 1 2 1 10 1 1 8 1 1 3 2 1 3 1 2 1 1 1 8 1 1 1 1 2 1 3 5
20 11 4 5 1 1 1 2 1 3 1 6 4 1 2 1 2 4 7 1 2 1 4 1 4 1 1 3 1 2 1 1 5
20 12 1 1 1 2 1 4 1 2 1 9 2 1 8 1 2 1 3 1 3 1 2 1 1 1 7 2 1 1 1 2 1 3 2 1 1
20 12 1 1 1 5 1 1 1 2 1 3 1 6 4 1 2 1 3 1 1 1 7 1 2 1 4 1 4 1 1 3 1 2 1 1 1 1 1 1 1
20 12 3 2 1 4 1 2 1 9 2 1 8 1 1 2 3 1 3 1 2 1 1 1 7 2 1 1 1 2 1 3 4
20 12 3 5 1 1 1 2 1 3 1 6 4 1 2 1 3 3 7 1 2 1 4 1 4 1 1 3 1 2 1 1 1 1 3
20 13 1 10 1 1 1 2 1 3 1 1 4 1 4 1 2 2 12 1 2 1 4 6 1 3 1 2 3
20 2 1 1 1 1 1 4 2 1 1 5 1 1 1 2 1 3 1 6 1 1 1 3 1 1 2 2 1 1 7 1 2 1 4 1 4 1 2 1 3 1 1 1 3 1 1
20 2 1 1 1 1 1 5 1 1 1 5 1 1 1 2 1 3 1 6 1 1 1 3 1 1 3 1 1 1 7 1 2 1 4 1 4 1 2 1 3 1 1 1 1 1 1 1 1
20 2 1 1 1 1 2 3 2 1 1 5 1 1 1 2 1 3 1 6 1 1 1 5 2 2 1 1 7 1 2 1 4 1 4 1 2 1 5 1 3 1 1
20 2 1 1 1 1 2 4 1 1 1 5 1 1 1 2 1 3 1 6 1 1 1 5 3 1 1 1 7 1 2 1 4 1 4 1 2 1 5 1 1 1 1 1 1
20 2 1 1 1 2 1 1 1 1 1 2 1 5 1 1 1 2 1 3 1 6 1 1 1 2 1 3 1 1 2 1 7 1 2 1 4 1 4 1 2 1 2 1 5 2 1
20 2 1 1 1 2 1 1 1 1 2 1 1 1 1 4 1 2 1 10 1 2 1 1 2 1 1 2 1 1 1 1 2 1 3 1 2 1 1 1 8 1 4 1 2 1 4 1 1
20 2 1 1 1 2 1 1 1 1 2 1 1 5 1 1 1 2 1 3 1 6 1 1 1 2 1 3 1 2 1 1 7 1 2 1 4 1 4 1 2 1 2 1 6 1 1
20 2 1 1 1 2 1 3 1 2 1 1 1 4 1 2 1 10 1 2 1 1 2 1 2 1 3 1 2 1 3 1 2 1 1 1 8 1 4 1 2 2 2 2 1
20 2 1 1 1 2 1 3 1 2 1 5 1 1 1 2 1 3 1 6 1 1 1 2 1 2 2 1 2 1 7 1 2 1 4 1 4 1 2 1 2 1 2 1 2 2 1
20 2 1 1 1 2 1 3 2 1 1 1 1 4 1 2 1 10 1 2 1 1 2 1 2 1 1 1 1 1 2 1 3 1 2 1 1 1 8 1 4 1 2 2 3 1 1
20 2 1 1 1 2 1 3 2 1 1 5 1 1 1 2 1 3 1 6 1 1 1 2 1 2 2 2 1 1 7 1 2 1 4 1 4 1 2 1 2 1 2 1 3 1 1
20 2 1 1 1 2 1 4 1 1 1 5 1 1 1 2 1 3 1 6 1 1 1 2 1 2 3 1 1 1 7 1 2 1 4 1 4 1 2 1 2 1 2 1 1 1 1 1 1
20 2 1 1 1 2 2 2 2 1 1 1 1 4 1 2 1 10 1 2 1 1 2 2 1 1 1 1 1 1 2 1 3 1 2 1 1 1 8 1 4 1 3 1 3 1 1
20 2 1 1 1 2 3 1 2 1 1 1 1 4 1 2 1 10 1 2 1 1 2 4 1 1 1 1 2 1 3 1 2 1 1 1 8 1 4 1 7 1 1
20 2 1 1 1 3 1 2 2 1 1 1 1 4 1 2 1 10 1 2 1 1 3 1 1 1 1 1 1 1 2 1 3 1 2 1 1 1 8 1 4 1 1 1 1 1 3 1 1
20 2 1 1 1 3 2 1 2 1 1 1 1 4 1 2 1 10 1 2 1 1 3 3 1 1 1 1 2 1 3 1 2 1 1 1 8 1 4 1 1 1 5 1 1
20 2 1 1 1 4 1 1 1 2 1 5 1 1 1 2 1 3 1 6 1 1 1 2 2 2 1 1 2 1 7 1 2 1 4 1 4 1 2 1 2 2 4 2 1
20 2 1 1 1 4 1 1 2 1 1 1 1 4 1 2 1 10 1 2 1 1 4 2 1 1 1 1 2 1 3 1 2 1 1 1 8 1 4 1 1 2 4 1 1
20 2 1 1 1 4 1 1 2 1 1 5 1 1 1 2 1 3 1 6 1 1 1 2 2 2 1 2 1 1 7 1 2 1 4 1 4 1 2 1 2 2 5 1 1
20 2 1 1 1 6 1 2 1 1 1 4 1 2 1 10 1 2 1 1 5 1 3 1 2 1 3 1 2 1 1 1 8 1 4 1 1 3 2 2 1
20 2 1 1 1 6 1 2 1 5 1 1 1 2 1 3 1 6 1 1 1 2 2 1 2 1 2 1 7 1 2 1 4 1 4 1 2 1 2 2 1 1 2 2 1
20 2 1 1 1 6 2 1 1 1 1 4 1 2 1 10 1 2 1 1 5 1 1 1 1 1 2 1 3 1 2 1 1 1 8 1 4 1 1 3 3 1 1
20 2 1 1 1 6 2 1 1 5 1 1 1 2 1 3 1 6 1 1 1 2 2 1 2 2 1 1 7 1 2 1 4 1 4 1 2 1 2 2 1 1 3 1 1
20 2 1 1 1 7 1 1 1 5 1 1 1 2 1 3 1 6 1 1 1 2 2 1 3 1 1 1 7 1 2 1 4 1 4 1 2 1 2 2 1 1 1 1 1 1 1
20 2 1 1 2 1 1 1 1 1 1 2 1 1 1 4 1 2 1 10 1 2 1 2 1 1 1 2 3 1 2 1 3 1 2 1 1 1 8 1 7 1 3 2 1
20 2 1 1 2 1 1 1 1 1 2 1 1 1 1 4 1 2 1 10 1 2 1 2 1 1 1 2 1 1 1 1 2 1 3 1 2 1 1 1 8 1 7 1 4 1 1
20 2 1 1 2 1 1 3 1 2 1 1 1 4 1 2 1 10 1 2 1 2 1 1 2 1 3 1 2 1 3 1 2 1 1 1 8 1 7 2 2 2 1
20 2 1 1 2 1 1 3 2 1 1 1 1 4 1 2 1 10 1 2 1 2 1 1 2 1 1 1 1 1 2 1 3 1 2 1 1 1 8 1 7 2 3 1 1
20 2 1 1 2 1 2 2 1 2 1 1 1 4 1 2 1 10 1 2 1 2 1 2 1 1 3 1 2 1 3 1 2 1 1 1 8 1 8 1 2 2 1
20 2 1 1 2 2 1 2 1 2 1 1 1 4 1 2 1 10 1 2 1 2 2 1 1 1 3 1 2 1 3 1 2 1 1 1 8 1 6 1 1 1 2 2 1
20 2 1 1 2 3 1 1 1 2 1 1 1 4 1 2 1 10 1 2 1 2 3 2 3 1 2 1 3 1 2 1 1 1 8 1 6 2 3 2 1
20 2 1 1 2 3 1 1 2 1 1 1 1 4 1 2 1 10 1 2 1 2 3 2 1 1 1 1 2 1 3 1 2 1 1 1 8 1 6 2 4 1 1
20 2 1 1 2 5 1 2 1 1 1 4 1 2 1 10 1 2 1 2 4 1 3 1 2 1 3 1 2 1 1 1 8 1 6 3 2 2 1
20 2 1 1 2 5 2 1 1 1 1 4 1 2 1 10 1 2 1 2 4 1 1 1 1 1 2 1 3 1 2 1 1 1 8 1 6 3 3 1 1
20 2 1 2 1 1 1 1 1 1 1 2 1 1 1 4 1 2 1 10 1 2 2 1 1 1 1 2 3 1 2 1 3 1 2 1 1 1 8 1 3 1 3 1 3 2 1
20 2 1 2 1 1 1 1 1 1 2 1 1 1 1 4 1 2 1 10 1 2 2 1 1 1 1 2 1 1 1 1 2 1 3 1 2 1 1 1 8 1 3 1 3 1 4 1 1
20 2 1 2 1 1 1 3 1 2 1 1 1 4 1 2 1 10 1 2 2 1 1 1 2 1 3 1 2 1 3 1 2 1 1 1 8 1 3 1 3 2 2 2 1
20 2 1 2 1 1 1 3 2 1 1 1 1 4 1 2 1 10 1 2 2 1 1 1 2 1 1 1 1 1 2 1 3 1 2 1 1 1 8 1 3 1 3 2 3 1 1
20 2 1 2 1 1 1 6 1 8 1 1 1 2 1 3 1 2 2 2 1 1 1 2 2 1 2 1 10 1 2 1 4 1 1 2 1 1 2 1 2 2 1 1 2
20 2 1 2 1 1 2 2 1 2 1 1 1 4 1 2 1 10 1 2 2 1 1 2 1 1 3 1 2 1 3 1 2 1 1 1 8 1 3 1 4 1 2 2 1
20 2 1 2 1 1 2 2 1 2 1 4 1 4 1 2 1 7 2 1 1 2 1 2 2 1 1 1 6 1 3 1 2 1 1 1 5 2 1 1 6 1 1 1 2
20 2 1 2 1 2 1 2 1 1 2 1 1 4 1 2 1 10 1 2 2 1 2 1 1 1 2 2 2 1 3 1 2 1 1 1 8 1 3 1 2 1 1 1 2 1 2
20 2 1 2 1 2 1 2 1 2 1 1 1 4 1 2 1 10 1 2 2 1 2 1 1 1 3 1 2 1 3 1 2 1 1 1 8 1 3 1 2 1 1 1 2 2 1
20 2 1 2 1 2 1 2 1 2 1 4 1 4 1 2 1 7 2 1 1 2 2 1 2 1 1 1 6 1 3 1 2 1 1 1 5 2 1 1 3 1 2 1 1 1 2
20 2 1 2 1 3 1 1 1 2 1 1 1 4 1 2 1 10 1 2 2 1 3 2 3 1 2 1 3 1 2 1 1 1 8 1 3 1 2 2 3 2 1
20 2 1 2 1 3 1 1 2 1 1 1 1 4 1 2 1 10 1 2 2 1 3 2 1 1 1 1 2 1 3 1 2 1 1 1 8 1 3 1 2 2 4 1 1
20 2 1 2 1 4 1 3 1 8 1 1 1 2 1 3 1 2 2 2 1 1 2 1 1 2 2 1 10 1 2 1 4 1 1 2 1 1 2 2 1 1 2 1 2
20 2 1 2 1 5 1 2 1 1 1 4 1 2 1 10 1 2 2 1 4 1 3 1 2 1 3 1 2 1 1 1 8 1 3 1 2 3 2 2 1
20 2 1 2 1 5 2 1 1 1 1 4 1 2 1 10 1 2 2 1 4 1 1 1 1 1 2 1 3 1 2 1 1 1 8 1 3 1 2 3 3 1 1
20 2 1 2 1 8 1 8 1 1 1 2 1 3 1 2 2 2 1 1 2 1 2 1 2 1 10 1 2 1 4 1 1 2 1 1 2 2 1 2 1 1 2
20 2 1 2 2 2 1 4 1 8 1 1 1 2 1 3 1 2 2 2 1 2 1 2 1 1 2 1 10 1 2 1 4 1 1 2 1 1 3 1 2 1 1 1 2
20 2 1 2 2 3 1 3 1 8 1 1 1 2 1 3 1 2 2 2 1 2 1 1 1 2 2 1 10 1 2 1 4 1 1 2 1 1 3 1 1 1 2 1 2
20 2 1 2 2 7 1 8 1 1 1 2 1 3 1 2 2 2 1 2 1 1 2 1 2 1 10 1 2 1 4 1 1 2 1 1 3 1 1 2 1 1 2
20 2 1 2 3 1 1 4 1 8 1 1 1 2 1 3 1 2 2 2 1 5 1 1 2 1 10 1 2 1 4 1 1 2 1 1 6 1 1 1 2
20 2 1 2 3 2 1 3 1 8 1 1 1 2 1 3 1 2 2 2 1 4 1 2 2 1 10 1 2 1 4 1 1 2 1 1 5 1 2 1 2
20 2 1 2 3 6 1 8 1 1 1 2 1 3 1 2 2 2 1 4 2 1 2 1 10 1 2 1 4 1 1 2 1 1 5 2 1 1 2
20 2 1 3 1 1 1 1 1 13 1 1 1 2 1 3 1 1 2 1 1 1 1 1 1 3 1 1 13 1 2 1 4 3 1 2 2 1 3 1 1 1 1
20 2 1 3 1 1 1 1 2 12 1 1 1 2 1 3 1 1 2 1 1 1 1 1 1 5 13 1 2 1 4 3 1 2 2 1 5 1 1
20 2 1 3 1 1 1 15 1 1 1 2 1 3 1 1 2 1 1 1 1 1 1 2 2 1 13 1 2 1 4 3 1 2 2 1 2 2 1 1 1
20 2 1 3 1 1 1 2 1 12 1 1 1 2 1 3 1 1 2 1 1 1 1 1 1 2 1 2 13 1 2 1 4 3 1 2 2 1 2 1 2 1 1
20 2 1 3 1 17 1 1 1 2 1 3 1 1 2 1 1 1 1 1 2 1 2 1 13 1 2 1 4 3 1 2 2 2 1 2 1 1 1
20 2 1 3 1 3 1 13 1 1 1 2 1 3 1 1 2 1 1 1 1 1 2 2 1 1 13 1 2 1 4 3 1 2 2 2 2 1 1 1 1
20 2 1 3 1 3 1 3 1 8 1 1 1 2 1 3 1 2 2 2 2 1 1 1 1 2 2 1 10 1 2 1 4 1 1 2 1 1 1 1 1 1 1 1 2 1 2
20 2 1 3 1 3 2 12 1 1 1 2 1 3 1 1 2 1 1 1 1 1 2 4 13 1 2 1 4 3 1 2 2 2 4 1 1
20 2 1 3 1 4 1 12 1 1 1 2 1 3 1 1 2 1 1 1 1 1 2 1 1 2 13 1 2 1 4 3 1 2 2 2 1 1 2 1 1
20 2 1 3 1 4 2 1 1 5 1 1 1 2 1 3 1 6 1 1 2 2 1 1 2 2 1 1 7 1 2 1 4 1 4 1 2 2 2 1 1 1 3 1 1
20 2 1 3 1 5 1 1 1 5 1 1 1 2 1 3 1 6 1 1 2 2 1 1 3 1 1 1 7 1 2 1 4 1 4 1 2 2 2 1 1 1 1 1 1 1 1
20 2 1 3 1 7 1 8 1 1 1 2 1 3 1 2 2 2 2 1 1 1 2 1 2 1 10 1 2 1 4 1 1 2 1 1 1 1 1 1 1 2 1 1 2
20 2 1 3 2 16 1 1 1 2 1 3 1 1 2 1 1 1 1 2 1 1 2 1 13 1 2 1 4 3 1 2 3 1 1 2 1 1 1
20 2 1 3 2 2 1 13 1 1 1 2 1 3 1 1 2 1 1 1 1 2 1 2 1 1 13 1 2 1 4 3 1 2 3 1 2 1 1 1 1
20 2 1 3 2 2 1 3 1 8 1 1 1 2 1 3 1 2 2 2 2 3 1 2 2 1 10 1 2 1 4 1 1 2 1 1 1 1 3 1 2 1 2
20 2 1 3 2 2 2 12 1 1 1 2 1 3 1 1 2 1 1 1 1 2 1 4 13 1 2 1 4 3 1 2 3 1 4 1 1
20 2 1 3 2 3 1 12 1 1 1 2 1 3 1 1 2 1 1 1 1 2 1 1 1 2 13 1 2 1 4 3 1 2 3 1 1 1 2 1 1
20 2 1 3 2 3 2 1 1 5 1 1 1 2 1 3 1 6 1 1 2 4 2 2 1 1 7 1 2 1 4 1 4 1 2 2 4 1 3 1 1
20 2 1 3 2 4 1 1 1 5 1 1 1 2 1 3 1 6 1 1 2 4 3 1 1 1 7 1 2 1 4 1 4 1 2 2 4 1 1 1 1 1 1
20 2 1 3 2 6 1 8 1 1 1 2 1 3 1 2 2 2 2 3 2 1 2 1 10 1 2 1 4 1 1 2 1 1 1 1 3 2 1 1 2
20 2 1 3 3 1 1 13 1 1 1 2 1 3 1 1 2 1 1 1 1 5 1 1 13 1 2 1 4 3 1 2 6 1 1 1 1
20 2 1 3 3 1 2 12 1 1 1 2 1 3 1 1 2 1 1 1 1 7 13 1 2 1 4 3 1 2 8 1 1
20 2 1 3 3 15 1 1 1 2 1 3 1 1 2 1 1 1 1 4 2 1 13 1 2 1 4 3 1 2 5 2 1 1 1
20 2 1 3 3 2 1 12 1 1 1 2 1 3 1 1 2 1 1 1 1 4 1 2 13 1 2 1 4 3 1 2 5 1 2 1 1
20 2 1 4 1 1 1 1 1 2 1 5 1 1 1 2 1 3 1 6 1 1 2 1 1 3 1 1 2 1 7 1 2 1 4 1 4 1 2 2 1 1 5 2 1
20 2 1 4 1 1 1 1 2 1 1 1 1 4 1 2 1 10 1 2 4 1 1 2 1 1 1 1 2 1 3 1 2 1 1 1 8 1 3 2 2 1 4 1 1
20 2 1 4 1 1 1 1 2 1 1 5 1 1 1 2 1 3 1 6 1 1 2 1 1 3 1 2 1 1 7 1 2 1 4 1 4 1 2 2 1 1 6 1 1
20 2 1 4 1 16 1 1 1 2 1 3 1 1 2 1 1 1 2 1 1 1 2 1 13 1 2 1 4 3 1 2 1 1 1 1 1 2 1 1 1
20 2 1 4 1 2 1 13 1 1 1 2 1 3 1 1 2 1 1 1 2 1 1 2 1 1 13 1 2 1 4 3 1 2 1 1 1 1 2 1 1 1 1
20 2 1 4 1 2 2 12 1 1 1 2 1 3 1 1 2 1 1 1 2 1 1 4 13 1 2 1 4 3 1 2 1 1 1 1 4 1 1
20 2 1 4 1 3 1 1 2 1 1 4 1 2 1 10 1 2 4 1 2 1 2 2 2 1 3 1 2 1 1 1 8 1 3 2 2 2 2 1 2
20 2 1 4 1 3 1 1 2 5 1 1 1 2 1 3 1 6 1 1 2 1 1 2 2 1 1 2 7 1 2 1 4 1 4 1 2 2 1 1 2 1 2 1 2
20 2 1 4 1 3 1 12 1 1 1 2 1 3 1 1 2 1 1 1 2 1 1 1 1 2 13 1 2 1 4 3 1 2 1 1 1 1 1 1 2 1 1
20 2 1 4 1 3 1 2 1 1 1 4 1 2 1 10 1 2 4 1 2 1 3 1 2 1 3 1 2 1 1 1 8 1 3 2 2 2 2 2 1
20 2 1 4 1 3 1 2 1 5 1 1 1 2 1 3 1 6 1 1 2 1 1 2 2 1 2 1 7 1 2 1 4 1 4 1 2 2 1 1 2 1 2 2 1
20 2 1 4 1 3 2 1 1 1 1 4 1 2 1 10 1 2 4 1 2 1 1 1 1 1 2 1 3 1 2 1 1 1 8 1 3 2 2 2 3 1 1
20 2 1 4 1 3 2 1 1 5 1 1 1 2 1 3 1 6 1 1 2 1 1 2 2 2 1 1 7 1 2 1 4 1 4 1 2 2 1 1 2 1 3 1 1
20 2 1 4 1 4 1 1 1 5 1 1 1 2 1 3 1 6 1 1 2 1 1 2 3 1 1 1 7 1 2 1 4 1 4 1 2 2 1 1 2 1 1 1 1 1 1
20 2 1 4 2 1 1 13 1 1 1 2 1 3 1 1 2 1 1 1 2 4 1 1 13 1 2 1 4 3 1 2 1 1 4 1 1 1 1
20 2 1 4 2 1 2 12 1 1 1 2 1 3 1 1 2 1 1 1 2 6 13 1 2 1 4 3 1 2 1 1 6 1 1
20 2 1 4 2 15 1 1 1 2 1 3 1 1 2 1 1 1 2 3 2 1 13 1 2 1 4 3 1 2 1 1 3 2 1 1 1
20 2 1 4 2 2 1 12 1 1 1 2 1 3 1 1 2 1 1 1 2 3 1 2 13 1 2 1 4 3 1 2 1 1 3 1 2 1 1
20 2 1 4 2 2 1 2 1 4 1 4 1 2 1 7 2 1 1 1 2 2 2 1 1 1 6 1 3 1 2 1 1 1 5 2 1 1 1 1 4 1 1 1 2
20 2 1 4 2 2 2 1 1 1 1 4 1 2 1 10 1 2 4 2 1 1 1 1 1 1 2 1 3 1 2 1 1 1 8 1 3 2 3 1 3 1 1
20 2 1 4 3 1 2 1 1 1 1 4 1 2 1 10 1 2 4 4 1 1 1 1 2 1 3 1 2 1 1 1 8 1 3 2 7 1 1
20 2 1 5 1 1 1 13 1 1 1 2 1 3 1 1 2 1 1 1 3 3 1 1 13 1 2 1 4 3 1 2 1 2 3 1 1 1 1
20 2 1 5 1 1 2 12 1 1 1 2 1 3 1 1 2 1 1 1 3 5 13 1 2 1 4 3 1 2 1 2 5 1 1
20 2 1 5 1 1 2 2 1 4 1 4 1 2 1 7 2 1 1 1 3 1 1 2 1 1 6 1 3 1 2 1 1 1 5 2 1 1 1 1 1 1 4 1 2
20 2 1 5 1 15 1 1 1 2 1 3 1 1 2 1 1 1 3 2 2 1 13 1 2 1 4 3 1 2 1 2 2 2 1 1 1
20 2 1 5 1 2 1 12 1 1 1 2 1 3 1 1 2 1 1 1 3 2 1 2 13 1 2 1 4 3 1 2 1 2 2 1 2 1 1
20 2 1 5 1 2 1 2 1 4 1 4 1 2 1 7 2 1 1 1 3 1 2 1 1 1 6 1 3 1 2 1 1 1 5 2 1 1 1 1 1 1 2 1 1 1 2
20 2 1 5 1 2 2 1 1 1 1 4 1 2 1 10 1 2 5 1 1 1 1 1 1 1 2 1 3 1 2 1 1 1 8 1 3 2 1 1 1 1 3 1 1
20 2 1 5 2 1 2 1 1 1 1 4 1 2 1 10 1 2 5 3 1 1 1 1 2 1 3 1 2 1 1 1 8 1 3 2 1 1 5 1 1
20 2 1 6 1 1 1 1 2 5 1 1 1 2 1 3 1 6 1 1 2 1 2 2 1 1 1 2 7 1 2 1 4 1 4 1 2 2 1 2 4 1 2
20 2 1 6 1 1 1 2 1 5 1 1 1 2 1 3 1 6 1 1 2 1 2 2 1 1 2 1 7 1 2 1 4 1 4 1 2 2 1 2 4 2 1
20 2 1 6 1 1 2 1 1 1 1 4 1 2 1 10 1 2 6 2 1 1 1 1 2 1 3 1 2 1 1 1 8 1 3 2 1 2 4 1 1
20 2 1 6 1 1 2 1 1 5 1 1 1 2 1 3 1 6 1 1 2 1 2 2 1 2 1 1 7 1 2 1 4 1 4 1 2 2 1 2 5 1 1
20 2 1 7 1 13 1 1 1 2 1 3 1 1 2 1 1 1 4 2 1 1 13 1 2 1 4 3 1 2 1 3 2 1 1 1 1
20 2 1 7 2 12 1 1 1 2 1 3 1 1 2 1 1 1 4 4 13 1 2 1 4 3 1 2 1 3 4 1 1
20 2 1 8 1 1 2 1 1 4 1 2 1 10 1 2 7 1 2 2 2 1 3 1 2 1 1 1 8 1 3 2 1 3 2 1 2
20 2 1 8 1 1 2 5 1 1 1 2 1 3 1 6 1 1 2 1 2 1 2 1 1 2 7 1 2 1 4 1 4 1 2 2 1 2 1 1 2 1 2
20 2 1 8 1 12 1 1 1 2 1 3 1 1 2 1 1 1 4 1 1 2 13 1 2 1 4 3 1 2 1 3 1 1 2 1 1
20 2 1 8 1 2 1 1 1 4 1 2 1 10 1 2 7 1 3 1 2 1 3 1 2 1 1 1 8 1 3 2 1 3 2 2 1
20 2 1 8 1 2 1 5 1 1 1 2 1 3 1 6 1 1 2 1 2 1 2 1 2 1 7 1 2 1 4 1 4 1 2 2 1 2 1 1 2 2 1
20 2 1 8 2 1 1 1 1 4 1 2 1 10 1 2 7 1 1 1 1 1 2 1 3 1 2 1 1 1 8 1 3 2 1 3 3 1 1
20 2 1 8 2 1 1 5 1 1 1 2 1 3 1 6 1 1 2 1 2 1 2 2 1 1 7 1 2 1 4 1 4 1 2 2 1 2 1 1 3 1 1
20 2 1 9 1 1 1 5 1 1 1 2 1 3 1 6 1 1 2 1 2 1 3 1 1 1 7 1 2 1 4 1 4 1 2 2 1 2 1 1 1 1 1 1 1
20 2 2 2 1 1 1 1 1 13 1 1 1 2 1 3 1 1 2 3 1 1 1 3 1 1 13 1 2 1 4 3 2 1 2 1 3 1 1 1 1
20 2 2 2 1 1 1 1 2 12 1 1 1 2 1 3 1 1 2 3 1 1 1 5 13 1 2 1 4 3 2 1 2 1 5 1 1
20 2 2 2 1 1 1 15 1 1 1 2 1 3 1 1 2 3 1 1 1 2 2 1 13 1 2 1 4 3 2 1 2 1 2 2 1 1 1
20 2 2 2 1 1 1 2 1 12 1 1 1 2 1 3 1 1 2 3 1 1 1 2 1 2 13 1 2 1 4 3 2 1 2 1 2 1 2 1 1
20 2 2 2 1 17 1 1 1 2 1 3 1 1 2 3 1 1 2 1 2 1 13 1 2 1 4 3 2 1 2 2 1 2 1 1 1
20 2 2 2 1 3 1 13 1 1 1 2 1 3 1 1 2 3 1 1 2 2 1 1 13 1 2 1 4 3 2 1 2 2 2 1 1 1 1
20 2 2 2 1 3 2 12 1 1 1 2 1 3 1 1 2 3 1 1 2 4 13 1 2 1 4 3 2 1 2 2 4 1 1
20 2 2 2 1 4 1 12 1 1 1 2 1 3 1 1 2 3 1 1 2 1 1 2 13 1 2 1 4 3 2 1 2 2 1 1 2 1 1
20 2 2 2 1 4 2 1 1 5 1 1 1 2 1 3 1 6 1 2 1 2 1 1 2 2 1 1 7 1 2 1 4 1 4 1 3 1 2 1 1 1 3 1 1
20 2 2 2 1 5 1 1 1 5 1 1 1 2 1 3 1 6 1 2 1 2 1 1 3 1 1 1 7 1 2 1 4 1 4 1 3 1 2 1 1 1 1 1 1 1 1
20 2 2 2 2 16 1 1 1 2 1 3 1 1 2 3 1 2 1 1 2 1 13 1 2 1 4 3 2 1 3 1 1 2 1 1 1
20 2 2 2 2 2 1 13 1 1 1 2 1 3 1 1 2 3 1 2 1 2 1 1 13 1 2 1 4 3 2 1 3 1 2 1 1 1 1
20 2 2 2 2 2 2 12 1 1 1 2 1 3 1 1 2 3 1 2 1 4 13 1 2 1 4 3 2 1 3 1 4 1 1
20 2 2 2 2 3 1 12 1 1 1 2 1 3 1 1 2 3 1 2 1 1 1 2 13 1 2 1 4 3 2 1 3 1 1 1 2 1 1
20 2 2 2 2 3 2 1 1 5 1 1 1 2 1 3 1 6 1 2 1 4 2 2 1 1 7 1 2 1 4 1 4 1 3 1 4 1 3 1 1
20 2 2 2 2 4 1 1 1 5 1 1 1 2 1 3 1 6 1 2 1 4 3 1 1 1 7 1 2 1 4 1 4 1 3 1 4 1 1 1 1 1 1
20 2 2 2 3 1 1 13 1 1 1 2 1 3 1 1 2 3 1 5 1 1 13 1 2 1 4 3 2 1 6 1 1 1 1
20 2 2 2 3 1 2 12 1 1 1 2 1 3 1 1 2 3 1 7 13 1 2 1 4 3 2 1 8 1 1
20 2 2 2 3 15 1 1 1 2 1 3 1 1 2 3 1 4 2 1 13 1 2 1 4 3 2 1 5 2 1 1 1
20 2 2 2 3 2 1 12 1 1 1 2 1 3 1 1 2 3 1 4 1 2 13 1 2 1 4 3 2 1 5 1 2 1 1
20 2 2 20 1 1 1 2 1 3 1 1 2 3 4 1 2 1 13 1 2 1 4 3 2 1 1 3 1 2 1 1 1
20 2 2 3 1 16 1 1 1 2 1 3 1 1 2 3 2 1 1 1 2 1 13 1 2 1 4 3 2 1 1 1 1 1 1 2 1 1 1
20 2 2 3 1 2 1 13 1 1 1 2 1 3 1 1 2 3 2 1 1 2 1 1 13 1 2 1 4 3 2 1 1 1 1 1 2 1 1 1 1
20 2 2 3 1 2 2 12 1 1 1 2 1 3 1 1 2 3 2 1 1 4 13 1 2 1 4 3 2 1 1 1 1 1 4 1 1
20 2 2 3 1 3 1 12 1 1 1 2 1 3 1 1 2 3 2 1 1 1 1 2 13 1 2 1 4 3 2 1 1 1 1 1 1 1 2 1 1
20 2 2 3 1 3 2 1 1 5 1 1 1 2 1 3 1 6 1 2 1 1 1 2 2 2 1 1 7 1 2 1 4 1 4 1 3 1 1 1 2 1 3 1 1
20 2 2 3 1 4 1 1 1 5 1 1 1 2 1 3 1 6 1 2 1 1 1 2 3 1 1 1 7 1 2 1 4 1 4 1 3 1 1 1 2 1 1 1 1 1 1
20 2 2 3 2 1 1 13 1 1 1 2 1 3 1 1 2 3 2 4 1 1 13 1 2 1 4 3 2 1 1 1 4 1 1 1 1
20 2 2 3 2 1 2 12 1 1 1 2 1 3 1 1 2 3 2 6 13 1 2 1 4 3 2 1 1 1 6 1 1
20 2 2 3 2 15 1 1 1 2 1 3 1 1 2 3 2 3 2 1 13 1 2 1 4 3 2 1 1 1 3 2 1 1 1
20 2 2 3 2 2 1 12 1 1 1 2 1 3 1 1 2 3 2 3 1 2 13 1 2 1 4 3 2 1 1 1 3 1 2 1 1
20 2 2 4 1 1 1 13 1 1 1 2 1 3 1 1 2 3 3 3 1 1 13 1 2 1 4 3 2 1 1 2 3 1 1 1 1
20 2 2 4 1 1 2 12 1 1 1 2 1 3 1 1 2 3 3 5 13 1 2 1 4 3 2 1 1 2 5 1 1
20 2 2 4 1 15 1 1 1 2 1 3 1 1 2 3 3 2 2 1 13 1 2 1 4 3 2 1 1 2 2 2 1 1 1
20 2 2 4 1 2 1 12 1 1 1 2 1 3 1 1 2 3 3 2 1 2 13 1 2 1 4 3 2 1 1 2 2 1 2 1 1
20 2 2 6 1 13 1 1 1 2 1 3 1 1 2 3 4 2 1 1 13 1 2 1 4 3 2 1 1 3 2 1 1 1 1
20 2 2 6 2 12 1 1 1 2 1 3 1 1 2 3 4 4 13 1 2 1 4 3 2 1 1 3 4 1 1
20 2 2 7 1 12 1 1 1 2 1 3 1 1 2 3 4 1 1 2 13 1 2 1 4 3 2 1 1 3 1 1 2 1 1
20 2 2 7 2 1 1 5 1 1 1 2 1 3 1 6 1 2 1 1 2 1 2 2 1 1 7 1 2 1 4 1 4 1 3 1 1 2 1 1 3 1 1
20 2 2 8 1 1 1 5 1 1 1 2 1 3 1 6 1 2 1 1 2 1 3 1 1 1 7 1 2 1 4 1 4 1 3 1 1 2 1 1 1 1 1 1 1
20 2 3 1 1 4 2 1 1 5 1 1 1 2 1 3 1 6 1 5 1 1 2 2 1 1 7 1 2 1 4 1 4 1 6 1 1 1 3 1 1
20 2 3 1 1 5 1 1 1 5 1 1 1 2 1 3 1 6 1 5 1 1 3 1 1 1 7 1 2 1 4 1 4 1 6 1 1 1 1 1 1 1 1
20 2 3 1 2 3 2 1 1 5 1 1 1 2 1 3 1 6 1 7 2 2 1 1 7 1 2 1 4 1 4 1 8 1 3 1 1
20 2 3 1 2 4 1 1 1 5 1 1 1 2 1 3 1 6 1 7 3 1 1 1 7 1 2 1 4 1 4 1 8 1 1 1 1 1 1
20 2 3 2 1 3 2 1 1 5 1 1 1 2 1 3 1 6 1 4 1 2 2 2 1 1 7 1 2 1 4 1 4 1 5 1 2 1 3 1 1
20 2 3 2 1 4 1 1 1 5 1 1 1 2 1 3 1 6 1 4 1 2 3 1 1 1 7 1 2 1 4 1 4 1 5 1 2 1 1 1 1 1 1
20 2 3 6 2 1 1 5 1 1 1 2 1 3 1 6 1 4 2 1 2 2 1 1 7 1 2 1 4 1 4 1 5 2 1 1 3 1 1
20 2 3 7 1 1 1 5 1 1 1 2 1 3 1 6 1 4 2 1 3 1 1 1 7 1 2 1 4 1 4 1 5 2 1 1 1 1 1 1 1
20 3 1 1 1 1 1 2 1 3 1 4 1 4 1 2 1 7 3 3 1 1 2 1 2 1 6 1 3 1 2 1 1 1 5 3 5 1 2 2 2
20 3 1 1 1 1 1 2 2 2 1 4 1 4 1 2 1 7 3 3 1 1 2 2 1 1 6 1 3 1 2 1 1 1 5 3 5 1 3 1 2
20 3 1 1 1 1 1 3 1 2 1 4 1 4 1 2 1 7 3 3 1 1 3 1 1 1 6 1 3 1 2 1 1 1 5 3 5 1 1 1 1 1 2
20 3 1 1 1 1 1 6 1 4 1 4 1 2 1 7 3 3 1 1 5 1 6 1 3 1 2 1 1 1 5 3 5 1 1 3 2
20 3 1 1 1 1 2 1 1 3 1 4 1 4 1 2 1 7 3 3 1 2 1 1 2 1 6 1 3 1 2 1 1 1 5 3 8 2 2
20 3 1 1 1 1 2 1 2 2 1 4 1 4 1 2 1 7 3 3 1 2 1 2 1 1 6 1 3 1 2 1 1 1 5 3 9 1 2
20 3 1 1 1 1 2 2 1 2 1 4 1 4 1 2 1 7 3 3 1 2 2 1 1 1 6 1 3 1 2 1 1 1 5 3 7 1 1 1 2
20 3 1 1 1 1 2 5 1 4 1 4 1 2 1 7 3 3 1 2 4 1 6 1 3 1 2 1 1 1 5 3 7 3 2
20 3 1 1 1 2 1 1 1 3 1 4 1 4 1 2 1 7 3 3 2 1 1 1 2 1 6 1 3 1 2 1 1 1 5 3 4 1 3 2 2
20 3 1 1 1 2 1 1 2 2 1 4 1 4 1 2 1 7 3 3 2 1 1 2 1 1 6 1 3 1 2 1 1 1 5 3 4 1 4 1 2
20 3 1 1 1 2 1 2 1 2 1 4 1 4 1 2 1 7 3 3 2 1 2 1 1 1 6 1 3 1 2 1 1 1 5 3 4 1 2 1 1 1 2
20 3 1 1 1 2 1 5 1 4 1 4 1 2 1 7 3 3 2 1 4 1 6 1 3 1 2 1 1 1 5 3 4 1 2 3 2
20 3 1 1 1 4 1 3 1 4 1 4 1 2 1 7 3 3 4 1 2 1 6 1 3 1 2 1 1 1 5 3 4 2 2 2 2
20 3 1 1 1 4 2 2 1 4 1 4 1 2 1 7 3 3 4 2 1 1 6 1 3 1 2 1 1 1 5 3 4 2 3 1 2
20 3 1 1 1 5 1 2 1 4 1 4 1 2 1 7 3 3 5 1 1 1 6 1 3 1 2 1 1 1 5 3 4 2 1 1 1 1 2
20 3 1 1 1 8 1 4 1 4 1 2 1 7 3 3 7 1 6 1 3 1 2 1 1 1 5 3 4 2 1 3 2
20 3 1 1 2 3 1 1 1 1 1 2 1 4 1 2 1 9 2 2 1 2 3 2 2 1 3 1 3 1 2 1 1 1 7 2 6 2 3 1 1
20 3 1 2 1 1 1 1 1 1 1 1 1 2 1 4 1 2 1 9 2 2 2 1 1 1 1 2 2 1 3 1 3 1 2 1 1 1 7 2 3 1 3 1 3 1 1
20 3 1 2 1 1 1 1 1 1 1 1 2 4 1 2 1 12 2 1 2 1 1 2 2 1 1 1 1 1 3 1 2 1 1 1 10 1 2 1 2 1 3 1 1 1 1
20 3 1 2 1 1 1 1 1 13 1 1 1 2 1 3 1 1 3 2 1 1 1 3 1 1 13 1 2 1 4 4 1 1 2 1 3 1 1 1 1
20 3 1 2 1 1 1 1 1 2 3 4 1 2 1 12 2 1 2 1 1 2 3 2 1 1 3 1 2 1 1 1 10 1 2 1 2 1 3 2 2
20 3 1 2 1 1 1 1 1 3 2 4 1 2 1 12 2 1 2 1 1 2 4 1 1 1 3 1 2 1 1 1 10 1 2 1 2 1 3 3 1
20 3 1 2 1 1 1 1 2 1 3 4 1 2 1 12 2 1 2 1 1 2 1 1 1 2 1 1 3 1 2 1 1 1 10 1 2 1 2 1 4 1 2
20 3 1 2 1 1 1 1 2 12 1 1 1 2 1 3 1 1 3 2 1 1 1 5 13 1 2 1 4 4 1 1 2 1 5 1 1
20 3 1 2 1 1 1 1 2 2 2 4 1 2 1 12 2 1 2 1 1 2 1 1 2 1 1 1 3 1 2 1 1 1 10 1 2 1 2 1 4 2 1
20 3 1 2 1 1 1 1 3 1 2 4 1 2 1 12 2 1 2 1 1 2 1 2 1 1 1 1 3 1 2 1 1 1 10 1 2 1 2 1 5 1 1
20 3 1 2 1 1 1 15 1 1 1 2 1 3 1 1 3 2 1 1 1 2 2 1 13 1 2 1 4 4 1 1 2 1 2 2 1 1 1
20 3 1 2 1 1 1 2 1 12 1 1 1 2 1 3 1 1 3 2 1 1 1 2 1 2 13 1 2 1 4 4 1 1 2 1 2 1 2 1 1
20 3 1 2 1 1 1 3 1 1 1 2 1 4 1 2 1 9 2 2 2 1 1 1 2 1 2 1 3 1 3 1 2 1 1 1 7 2 3 1 3 2 2 1 1
20 3 1 2 1 1 2 2 1 1 1 2 1 4 1 2 1 9 2 2 2 1 1 2 1 1 2 1 3 1 3 1 2 1 1 1 7 2 3 1 4 1 2 1 1
20 3 1 2 1 1 3 1 1 1 1 2 1 4 1 2 1 9 2 2 2 1 1 4 2 1 3 1 3 1 2 1 1 1 7 2 3 1 7 1 1
20 3 1 2 1 17 1 1 1 2 1 3 1 1 3 2 1 1 2 1 2 1 13 1 2 1 4 4 1 1 2 2 1 2 1 1 1
20 3 1 2 1 2 1 1 1 1 2 5 1 1 1 2 1 3 1 6 2 1 1 2 1 2 1 1 1 2 7 1 2 1 4 1 4 1 1 1 1 1 2 1 4 1 2
20 3 1 2 1 2 1 1 1 2 1 5 1 1 1 2 1 3 1 6 2 1 1 2 1 2 1 1 2 1 7 1 2 1 4 1 4 1 1 1 1 1 2 1 4 2 1
20 3 1 2 1 2 1 2 1 1 1 2 1 4 1 2 1 9 2 2 2 1 2 1 1 1 2 1 3 1 3 1 2 1 1 1 7 2 3 1 2 1 1 1 2 1 1
20 3 1 2 1 2 1 3 2 5 1 1 1 2 1 3 1 6 2 1 1 2 1 2 3 2 7 1 2 1 4 1 4 1 1 1 1 1 2 1 3 2 2
20 3 1 2 1 2 1 4 1 5 1 1 1 2 1 3 1 6 2 1 1 2 1 2 4 1 7 1 2 1 4 1 4 1 1 1 1 1 2 1 3 3 1
20 3 1 2 1 2 2 1 1 1 1 2 1 4 1 2 1 9 2 2 2 1 2 3 2 1 3 1 3 1 2 1 1 1 7 2 3 1 2 1 4 1 1
20 3 1 2 1 3 1 1 1 1 1 2 1 4 1 2 1 9 2 2 2 1 3 2 2 1 3 1 3 1 2 1 1 1 7 2 3 1 2 2 3 1 1
20 3 1 2 1 3 1 1 1 1 2 4 1 2 1 12 2 1 2 1 2 1 2 1 1 1 1 1 3 1 2 1 1 1 10 1 2 1 2 2 2 1 1 1 1
20 3 1 2 1 3 1 13 1 1 1 2 1 3 1 1 3 2 1 1 2 2 1 1 13 1 2 1 4 4 1 1 2 2 2 1 1 1 1
20 3 1 2 1 3 1 2 3 4 1 2 1 12 2 1 2 1 2 1 3 2 1 1 3 1 2 1 1 1 10 1 2 1 2 2 2 2 2
20 3 1 2 1 3 1 3 2 4 1 2 1 12 2 1 2 1 2 1 4 1 1 1 3 1 2 1 1 1 10 1 2 1 2 2 2 3 1
20 3 1 2 1 3 2 1 3 4 1 2 1 12 2 1 2 1 2 1 1 1 1 2 1 1 3 1 2 1 1 1 10 1 2 1 2 2 3 1 2
20 3 1 2 1 3 2 12 1 1 1 2 1 3 1 1 3 2 1 1 2 4 13 1 2 1 4 4 1 1 2 2 4 1 1
20 3 1 2 1 3 2 2 2 4 1 2 1 12 2 1 2 1 2 1 1 1 2 1 1 1 3 1 2 1 1 1 10 1 2 1 2 2 3 2 1
20 3 1 2 1 3 3 1 2 4 1 2 1 12 2 1 2 1 2 1 1 2 1 1 1 1 3 1 2 1 1 1 10 1 2 1 2 2 4 1 1
20 3 1 2 1 4 1 12 1 1 1 2 1 3 1 1 3 2 1 1 2 1 1 2 13 1 2 1 4 4 1 1 2 2 1 1 2 1 1
20 3 1 2 1 4 2 1 1 5 1 1 1 2 1 3 1 6 2 1 1 2 1 1 2 2 1 1 7 1 2 1 4 1 4 1 1 1 1 1 2 1 1 1 3 1 1
20 3 1 2 1 5 1 1 1 2 1 4 1 2 1 9 2 2 2 1 4 1 2 1 3 1 3 1 2 1 1 1 7 2 3 1 2 3 2 1 1
20 3 1 2 1 5 1 1 1 5 1 1 1 2 1 3 1 6 2 1 1 2 1 1 3 1 1 1 7 1 2 1 4 1 4 1 1 1 1 1 2 1 1 1 1 1 1 1 1
20 3 1 2 1 5 3 5 1 1 1 2 1 3 1 6 2 1 1 2 1 1 3 3 7 1 2 1 4 1 4 1 1 1 1 1 2 1 1 1 1 1 3
20 3 1 2 2 1 1 1 1 1 2 5 1 1 1 2 1 3 1 6 2 1 1 5 1 1 1 2 7 1 2 1 4 1 4 1 1 1 1 1 7 1 2
20 3 1 2 2 1 1 1 1 2 1 5 1 1 1 2 1 3 1 6 2 1 1 5 1 1 2 1 7 1 2 1 4 1 4 1 1 1 1 1 7 2 1
20 3 1 2 2 1 1 3 2 5 1 1 1 2 1 3 1 6 2 1 1 5 3 2 7 1 2 1 4 1 4 1 1 1 1 1 6 2 2
20 3 1 2 2 1 1 4 1 5 1 1 1 2 1 3 1 6 2 1 1 5 4 1 7 1 2 1 4 1 4 1 1 1 1 1 6 3 1
20 3 1 2 2 16 1 1 1 2 1 3 1 1 3 2 1 2 1 1 2 1 13 1 2 1 4 4 1 1 3 1 1 2 1 1 1
20 3 1 2 2 2 1 1 1 1 2 4 1 2 1 12 2 1 2 2 1 1 2 1 1 1 1 1 3 1 2 1 1 1 10 1 2 1 3 1 2 1 1 1 1
20 3 1 2 2 2 1 1 4 4 1 2 1 12 2 1 2 2 1 1 2 3 1 1 3 1 2 1 1 1 10 1 2 1 3 1 2 1 3
20 3 1 2 2 2 1 13 1 1 1 2 1 3 1 1 3 2 1 2 1 2 1 1 13 1 2 1 4 4 1 1 3 1 2 1 1 1 1
20 3 1 2 2 2 1 2 1 10 1 1 1 2 1 3 1 1 3 2 1 2 1 2 1 2 12 1 2 1 4 4 1 1 3 1 2 1 3
20 3 1 2 2 2 1 2 3 4 1 2 1 12 2 1 2 2 1 1 3 2 1 1 3 1 2 1 1 1 10 1 2 1 3 1 2 2 2
20 3 1 2 2 2 1 3 2 4 1 2 1 12 2 1 2 2 1 1 4 1 1 1 3 1 2 1 1 1 10 1 2 1 3 1 2 3 1
20 3 1 2 2 2 2 1 3 4 1 2 1 12 2 1 2 2 1 1 1 1 1 2 1 1 3 1 2 1 1 1 10 1 2 1 3 1 3 1 2
20 3 1 2 2 2 2 12 1 1 1 2 1 3 1 1 3 2 1 2 1 4 13 1 2 1 4 4 1 1 3 1 4 1 1
20 3 1 2 2 2 2 2 2 4 1 2 1 12 2 1 2 2 1 1 1 1 2 1 1 1 3 1 2 1 1 1 10 1 2 1 3 1 3 2 1
20 3 1 2 2 2 3 1 2 4 1 2 1 12 2 1 2 2 1 1 1 2 1 1 1 1 3 1 2 1 1 1 10 1 2 1 3 1 4 1 1
20 3 1 2 2 3 1 12 1 1 1 2 1 3 1 1 3 2 1 2 1 1 1 2 13 1 2 1 4 4 1 1 3 1 1 1 2 1 1
20 3 1 2 2 3 2 1 1 5 1 1 1 2 1 3 1 6 2 1 1 4 2 2 1 1 7 1 2 1 4 1 4 1 1 1 1 1 4 1 3 1 1
20 3 1 2 2 4 1 1 1 5 1 1 1 2 1 3 1 6 2 1 1 4 3 1 1 1 7 1 2 1 4 1 4 1 1 1 1 1 4 1 1 1 1 1 1
20 3 1 2 2 4 3 5 1 1 1 2 1 3 1 6 2 1 1 4 3 3 7 1 2 1 4 1 4 1 1 1 1 1 4 1 1 1 3
20 3 1 2 3 1 1 1 1 1 2 4 1 2 1 12 2 1 2 4 2 1 1 1 1 1 3 1 2 1 1 1 10 1 2 1 6 1 1 1 1
20 3 1 2 3 1 1 13 1 1 1 2 1 3 1 1 3 2 1 5 1 1 13 1 2 1 4 4 1 1 6 1 1 1 1
20 3 1 2 3 1 1 2 3 4 1 2 1 12 2 1 2 4 3 2 1 1 3 1 2 1 1 1 10 1 2 1 6 2 2
20 3 1 2 3 1 1 3 2 4 1 2 1 12 2 1 2 4 4 1 1 1 3 1 2 1 1 1 10 1 2 1 6 3 1
20 3 1 2 3 1 2 1 3 4 1 2 1 12 2 1 2 4 1 1 1 2 1 1 3 1 2 1 1 1 10 1 2 1 7 1 2
20 3 1 2 3 1 2 12 1 1 1 2 1 3 1 1 3 2 1 7 13 1 2 1 4 4 1 1 8 1 1
20 3 1 2 3 1 2 2 2 4 1 2 1 12 2 1 2 4 1 1 2 1 1 1 3 1 2 1 1 1 10 1 2 1 7 2 1
20 3 1 2 3 1 3 1 2 4 1 2 1 12 2 1 2 4 1 2 1 1 1 1 3 1 2 1 1 1 10 1 2 1 8 1 1
20 3 1 2 3 15 1 1 1 2 1 3 1 1 3 2 1 4 2 1 13 1 2 1 4 4 1 1 5 2 1 1 1
20 3 1 2 3 2 1 12 1 1 1 2 1 3 1 1 3 2 1 4 1 2 13 1 2 1 4 4 1 1 5 1 2 1 1
20 3 1 20 1 1 1 2 1 3 1 1 3 2 4 1 2 1 13 1 2 1 4 4 1 1 1 3 1 2 1 1 1
20 3 1 3 1 1 1 1 1 1 2 5 1 1 1 2 1 3 1 6 2 1 1 1 1 3 1 1 1 2 7 1 2 1 4 1 4 1 1 1 1 1 1 1 5 1 2
20 3 1 3 1 1 1 1 1 2 1 5 1 1 1 2 1 3 1 6 2 1 1 1 1 3 1 1 2 1 7 1 2 1 4 1 4 1 1 1 1 1 1 1 5 2 1
20 3 1 3 1 1 1 3 2 5 1 1 1 2 1 3 1 6 2 1 1 1 1 3 3 2 7 1 2 1 4 1 4 1 1 1 1 1 1 1 4 2 2
20 3 1 3 1 1 1 4 1 5 1 1 1 2 1 3 1 6 2 1 1 1 1 3 4 1 7 1 2 1 4 1 4 1 1 1 1 1 1 1 4 3 1
20 3 1 3 1 16 1 1 1 2 1 3 1 1 3 2 2 1 1 1 2 1 13 1 2 1 4 4 1 1 1 1 1 1 1 2 1 1 1
20 3 1 3 1 2 1 1 1 1 2 4 1 2 1 12 2 1 3 1 1 1 2 1 1 1 1 1 3 1 2 1 1 1 10 1 2 1 1 1 1 1 2 1 1 1 1
20 3 1 3 1 2 1 1 4 4 1 2 1 12 2 1 3 1 1 1 2 3 1 1 3 1 2 1 1 1 10 1 2 1 1 1 1 1 2 1 3
20 3 1 3 1 2 1 13 1 1 1 2 1 3 1 1 3 2 2 1 1 2 1 1 13 1 2 1 4 4 1 1 1 1 1 1 2 1 1 1 1
20 3 1 3 1 2 1 2 1 10 1 1 1 2 1 3 1 1 3 2 2 1 1 2 1 2 12 1 2 1 4 4 1 1 1 1 1 1 2 1 3
20 3 1 3 1 2 1 2 3 4 1 2 1 12 2 1 3 1 1 1 3 2 1 1 3 1 2 1 1 1 10 1 2 1 1 1 1 1 2 2 2
20 3 1 3 1 2 1 3 2 4 1 2 1 12 2 1 3 1 1 1 4 1 1 1 3 1 2 1 1 1 10 1 2 1 1 1 1 1 2 3 1
20 3 1 3 1 2 2 1 3 4 1 2 1 12 2 1 3 1 1 1 1 1 1 2 1 1 3 1 2 1 1 1 10 1 2 1 1 1 1 1 3 1 2
20 3 1 3 1 2 2 12 1 1 1 2 1 3 1 1 3 2 2 1 1 4 13 1 2 1 4 4 1 1 1 1 1 1 4 1 1
20 3 1 3 1 2 2 2 2 4 1 2 1 12 2 1 3 1 1 1 1 1 2 1 1 1 3 1 2 1 1 1 10 1 2 1 1 1 1 1 3 2 1
20 3 1 3 1 2 3 1 2 4 1 2 1 12 2 1 3 1 1 1 1 2 1 1 1 1 3 1 2 1 1 1 10 1 2 1 1 1 1 1 4 1 1
20 3 1 3 1 3 1 12 1 1 1 2 1 3 1 1 3 2 2 1 1 1 1 2 13 1 2 1 4 4 1 1 1 1 1 1 1 1 2 1 1
20 3 1 3 1 3 2 1 1 5 1 1 1 2 1 3 1 6 2 1 1 1 1 2 2 2 1 1 7 1 2 1 4 1 4 1 1 1 1 1 1 1 2 1 3 1 1
20 3 1 3 1 4 1 1 1 5 1 1 1 2 1 3 1 6 2 1 1 1 1 2 3 1 1 1 7 1 2 1 4 1 4 1 1 1 1 1 1 1 2 1 1 1 1 1 1
20 3 1 3 1 4 3 5 1 1 1 2 1 3 1 6 2 1 1 1 1 2 3 3 7 1 2 1 4 1 4 1 1 1 1 1 1 1 2 1 1 1 3
20 3 1 3 2 1 1 1 1 1 1 6 1 1 1 2 1 3 1 4 1 1 1 1 2 5 1 1 1 1 8 1 2 1 4 1 3 2 2 2 7 1 1
20 3 1 3 2 1 1 1 1 1 2 4 1 2 1 12 2 1 3 3 2 1 1 1 1 1 3 1 2 1 1 1 10 1 2 1 1 1 4 1 1 1 1
20 3 1 3 2 1 1 13 1 1 1 2 1 3 1 1 3 2 2 4 1 1 13 1 2 1 4 4 1 1 1 1 4 1 1 1 1
20 3 1 3 2 1 1 2 2 6 1 1 1 2 1 3 1 4 1 1 1 1 2 5 2 2 8 1 2 1 4 1 3 2 2 2 6 1 2
20 3 1 3 2 1 1 2 3 4 1 2 1 12 2 1 3 3 3 2 1 1 3 1 2 1 1 1 10 1 2 1 1 1 4 2 2
20 3 1 3 2 1 1 3 1 6 1 1 1 2 1 3 1 4 1 1 1 1 2 5 3 1 8 1 2 1 4 1 3 2 2 2 6 2 1
20 3 1 3 2 1 1 3 2 4 1 2 1 12 2 1 3 3 4 1 1 1 3 1 2 1 1 1 10 1 2 1 1 1 4 3 1
20 3 1 3 2 1 2 1 3 4 1 2 1 12 2 1 3 3 1 1 1 2 1 1 3 1 2 1 1 1 10 1 2 1 1 1 5 1 2
20 3 1 3 2 1 2 12 1 1 1 2 1 3 1 1 3 2 2 6 13 1 2 1 4 4 1 1 1 1 6 1 1
20 3 1 3 2 1 2 2 2 4 1 2 1 12 2 1 3 3 1 1 2 1 1 1 3 1 2 1 1 1 10 1 2 1 1 1 5 2 1
20 3 1 3 2 1 3 1 2 4 1 2 1 12 2 1 3 3 1 2 1 1 1 1 3 1 2 1 1 1 10 1 2 1 1 1 6 1 1
20 3 1 3 2 15 1 1 1 2 1 3 1 1 3 2 2 3 2 1 13 1 2 1 4 4 1 1 1 1 3 2 1 1 1
20 3 1 3 2 2 1 12 1 1 1 2 1 3 1 1 3 2 2 3 1 2 13 1 2 1 4 4 1 1 1 1 3 1 2 1 1
20 3 1 4 1 1 1 1 1 1 1 2 1 4 1 2 1 9 2 2 4 1 1 2 2 1 3 1 3 1 2 1 1 1 7 2 3 2 2 1 3 1 1
20 3 1 4 1 1 1 1 1 1 1 6 1 1 1 2 1 3 1 4 1 1 1 1 2 1 1 3 1 1 1 1 8 1 2 1 4 1 3 2 2 2 1 1 5 1 1
20 3 1 4 1 1 1 1 1 1 2 4 1 2 1 12 2 1 4 2 2 1 1 1 1 1 3 1 2 1 1 1 10 1 2 1 1 2 3 1 1 1 1
20 3 1 4 1 1 1 1 4 4 1 2 1 12 2 1 4 2 2 3 1 1 3 1 2 1 1 1 10 1 2 1 1 2 3 1 3
20 3 1 4 1 1 1 13 1 1 1 2 1 3 1 1 3 2 3 3 1 1 13 1 2 1 4 4 1 1 1 2 3 1 1 1 1
20 3 1 4 1 1 1 2 1 10 1 1 1 2 1 3 1 1 3 2 3 3 1 2 12 1 2 1 4 4 1 1 1 2 3 1 3
20 3 1 4 1 1 1 2 2 6 1 1 1 2 1 3 1 4 1 1 1 1 2 1 1 3 2 2 8 1 2 1 4 1 3 2 2 2 1 1 4 1 2
20 3 1 4 1 1 1 2 3 4 1 2 1 12 2 1 4 2 3 2 1 1 3 1 2 1 1 1 10 1 2 1 1 2 3 2 2
20 3 1 4 1 1 1 3 1 6 1 1 1 2 1 3 1 4 1 1 1 1 2 1 1 3 3 1 8 1 2 1 4 1 3 2 2 2 1 1 4 2 1
20 3 1 4 1 1 1 3 2 4 1 2 1 12 2 1 4 2 4 1 1 1 3 1 2 1 1 1 10 1 2 1 1 2 3 3 1
20 3 1 4 1 1 2 1 3 4 1 2 1 12 2 1 4 2 1 1 1 2 1 1 3 1 2 1 1 1 10 1 2 1 1 2 4 1 2
20 3 1 4 1 1 2 12 1 1 1 2 1 3 1 1 3 2 3 5 13 1 2 1 4 4 1 1 1 2 5 1 1
20 3 1 4 1 1 2 2 2 4 1 2 1 12 2 1 4 2 1 1 2 1 1 1 3 1 2 1 1 1 10 1 2 1 1 2 4 2 1
20 3 1 4 1 1 3 1 2 4 1 2 1 12 2 1 4 2 1 2 1 1 1 1 3 1 2 1 1 1 10 1 2 1 1 2 5 1 1
20 3 1 4 1 15 1 1 1 2 1 3 1 1 3 2 3 2 2 1 13 1 2 1 4 4 1 1 1 2 2 2 1 1 1
20 3 1 4 1 2 1 12 1 1 1 2 1 3 1 1 3 2 3 2 1 2 13 1 2 1 4 4 1 1 1 2 2 1 2 1 1
20 3 1 4 1 3 1 1 1 2 1 4 1 2 1 9 2 2 4 1 2 1 2 1 3 1 3 1 2 1 1 1 7 2 3 2 2 2 2 1 1
20 3 1 4 2 2 1 1 1 2 1 4 1 2 1 9 2 2 4 2 1 1 2 1 3 1 3 1 2 1 1 1 7 2 3 2 3 1 2 1 1
20 3 1 4 3 1 1 1 1 2 1 4 1 2 1 9 2 2 4 4 2 1 3 1 3 1 2 1 1 1 7 2 3 2 6 1 1
20 3 1 5 1 1 1 1 2 5 1 1 1 2 1 3 1 6 2 1 1 1 2 2 1 1 1 2 7 1 2 1 4 1 4 1 1 1 1 1 1 2 4 1 2
20 3 1 5 1 1 1 2 1 5 1 1 1 2 1 3 1 6 2 1 1 1 2 2 1 1 2 1 7 1 2 1 4 1 4 1 1 1 1 1 1 2 4 2 1
20 3 1 5 1 2 1 1 1 2 1 4 1 2 1 9 2 2 5 1 1 1 2 1 3 1 3 1 2 1 1 1 7 2 3 2 1 1 1 1 2 1 1
20 3 1 5 1 3 2 5 1 1 1 2 1 3 1 6 2 1 1 1 2 2 3 2 7 1 2 1 4 1 4 1 1 1 1 1 1 2 3 2 2
20 3 1 5 1 4 1 5 1 1 1 2 1 3 1 6 2 1 1 1 2 2 4 1 7 1 2 1 4 1 4 1 1 1 1 1 1 2 3 3 1
20 3 1 5 2 1 1 1 1 2 1 4 1 2 1 9 2 2 5 3 2 1 3 1 3 1 2 1 1 1 7 2 3 2 1 1 4 1 1
20 3 1 6 1 1 1 1 1 2 1 4 1 2 1 9 2 2 6 2 2 1 3 1 3 1 2 1 1 1 7 2 3 2 1 2 3 1 1
20 3 1 6 1 1 1 1 2 4 1 2 1 12 2 1 5 1 2 1 1 1 1 1 3 1 2 1 1 1 10 1 2 1 1 3 2 1 1 1 1
20 3 1 6 1 1 4 4 1 2 1 12 2 1 5 1 2 3 1 1 3 1 2 1 1 1 10 1 2 1 1 3 2 1 3
20 3 1 6 1 13 1 1 1 2 1 3 1 1 3 2 4 2 1 1 13 1 2 1 4 4 1 1 1 3 2 1 1 1 1
20 3 1 6 1 2 1 10 1 1 1 2 1 3 1 1 3 2 4 2 1 2 12 1 2 1 4 4 1 1 1 3 2 1 3
20 3 1 6 1 2 3 4 1 2 1 12 2 1 5 1 3 2 1 1 3 1 2 1 1 1 10 1 2 1 1 3 2 2 2
20 3 1 6 1 3 2 4 1 2 1 12 2 1 5 1 4 1 1 1 3 1 2 1 1 1 10 1 2 1 1 3 2 3 1
20 3 1 6 2 1 3 4 1 2 1 12 2 1 5 1 1 1 1 2 1 1 3 1 2 1 1 1 10 1 2 1 1 3 3 1 2
20 3 1 6 2 12 1 1 1 2 1 3 1 1 3 2 4 4 13 1 2 1 4 4 1 1 1 3 4 1 1
20 3 1 6 2 2 2 4 1 2 1 12 2 1 5 1 1 1 2 1 1 1 3 1 2 1 1 1 10 1 2 1 1 3 3 2 1
20 3 1 6 3 1 2 4 1 2 1 12 2 1 5 1 1 2 1 1 1 1 3 1 2 1 1 1 10 1 2 1 1 3 4 1 1
20 3 1 7 1 12 1 1 1 2 1 3 1 1 3 2 4 1 1 2 13 1 2 1 4 4 1 1 1 3 1 1 2 1 1
20 3 1 7 2 1 1 5 1 1 1 2 1 3 1 6 2 1 1 1 2 1 2 2 1 1 7 1 2 1 4 1 4 1 1 1 1 1 1 2 1 1 3 1 1
20 3 1 8 1 1 1 2 1 4 1 2 1 9 2 2 7 1 2 1 3 1 3 1 2 1 1 1 7 2 3 2 1 3 2 1 1
20 3 1 8 1 1 1 5 1 1 1 2 1 3 1 6 2 1 1 1 2 1 3 1 1 1 7 1 2 1 4 1 4 1 1 1 1 1 1 2 1 1 1 1 1 1 1
20 3 1 8 3 5 1 1 1 2 1 3 1 6 2 1 1 1 2 1 3 3 7 1 2 1 4 1 4 1 1 1 1 1 1 2 1 1 1 1 3
20 3 2 1 1 1 1 1 1 1 1 1 2 4 1 2 1 12 2 2 1 1 1 2 2 1 1 1 1 1 3 1 2 1 1 1 10 1 5 1 3 1 1 1 1
20 3 2 1 1 1 1 1 1 1 4 4 1 2 1 12 2 2 1 1 1 2 2 3 1 1 3 1 2 1 1 1 10 1 5 1 3 1 3
20 3 2 1 1 1 1 1 1 2 3 4 1 2 1 12 2 2 1 1 1 2 3 2 1 1 3 1 2 1 1 1 10 1 5 1 3 2 2
20 3 2 1 1 1 1 1 1 3 2 4 1 2 1 12 2 2 1 1 1 2 4 1 1 1 3 1 2 1 1 1 10 1 5 1 3 3 1
20 3 2 1 1 1 1 1 2 1 3 4 1 2 1 12 2 2 1 1 1 2 1 1 1 2 1 1 3 1 2 1 1 1 10 1 5 1 4 1 2
20 3 2 1 1 1 1 1 2 2 2 4 1 2 1 12 2 2 1 1 1 2 1 1 2 1 1 1 3 1 2 1 1 1 10 1 5 1 4 2 1
20 3 2 1 1 1 1 1 3 1 2 4 1 2 1 12 2 2 1 1 1 2 1 2 1 1 1 1 3 1 2 1 1 1 10 1 5 1 5 1 1
20 3 2 1 1 3 1 1 1 1 2 4 1 2 1 12 2 2 1 1 2 1 2 1 1 1 1 1 3 1 2 1 1 1 10 1 5 2 2 1 1 1 1
20 3 2 1 1 3 1 1 4 4 1 2 1 12 2 2 1 1 2 1 2 3 1 1 3 1 2 1 1 1 10 1 5 2 2 1 3
20 3 2 1 1 3 1 2 3 4 1 2 1 12 2 2 1 1 2 1 3 2 1 1 3 1 2 1 1 1 10 1 5 2 2 2 2
20 3 2 1 1 3 1 3 2 4 1 2 1 12 2 2 1 1 2 1 4 1 1 1 3 1 2 1 1 1 10 1 5 2 2 3 1
20 3 2 1 1 3 2 1 3 4 1 2 1 12 2 2 1 1 2 1 1 1 1 2 1 1 3 1 2 1 1 1 10 1 5 2 3 1 2
20 3 2 1 1 3 2 2 2 4 1 2 1 12 2 2 1 1 2 1 1 1 2 1 1 1 3 1 2 1 1 1 10 1 5 2 3 2 1
20 3 2 1 1 3 3 1 2 4 1 2 1 12 2 2 1 1 2 1 1 2 1 1 1 1 3 1 2 1 1 1 10 1 5 2 4 1 1
20 3 2 1 1 4 2 1 1 5 1 1 1 2 1 3 1 6 2 4 1 1 2 2 1 1 7 1 2 1 4 1 4 1 1 1 4 1 1 1 3 1 1
20 3 2 1 1 5 1 1 1 5 1 1 1 2 1 3 1 6 2 4 1 1 3 1 1 1 7 1 2 1 4 1 4 1 1 1 4 1 1 1 1 1 1 1 1
20 3 2 1 1 5 3 5 1 1 1 2 1 3 1 6 2 4 1 1 3 3 7 1 2 1 4 1 4 1 1 1 4 1 1 1 1 1 3
20 3 2 1 2 2 1 1 1 1 2 4 1 2 1 12 2 2 1 2 1 1 2 1 1 1 1 1 3 1 2 1 1 1 10 1 6 1 2 1 1 1 1
20 3 2 1 2 2 1 1 4 4 1 2 1 12 2 2 1 2 1 1 2 3 1 1 3 1 2 1 1 1 10 1 6 1 2 1 3
20 3 2 1 2 2 1 2 3 4 1 2 1 12 2 2 1 2 1 1 3 2 1 1 3 1 2 1 1 1 10 1 6 1 2 2 2
20 3 2 1 2 2 1 3 2 4 1 2 1 12 2 2 1 2 1 1 4 1 1 1 3 1 2 1 1 1 10 1 6 1 2 3 1
20 3 2 1 2 2 2 1 3 4 1 2 1 12 2 2 1 2 1 1 1 1 1 2 1 1 3 1 2 1 1 1 10 1 6 1 3 1 2
20 3 2 1 2 2 2 2 2 4 1 2 1 12 2 2 1 2 1 1 1 1 2 1 1 1 3 1 2 1 1 1 10 1 6 1 3 2 1
20 3 2 1 2 2 3 1 2 4 1 2 1 12 2 2 1 2 1 1 1 2 1 1 1 1 3 1 2 1 1 1 10 1 6 1 4 1 1
20 3 2 1 2 3 2 1 1 5 1 1 1 2 1 3 1 6 2 6 2 2 1 1 7 1 2 1 4 1 4 1 1 1 6 1 3 1 1
20 3 2 1 2 4 1 1 1 5 1 1 1 2 1 3 1 6 2 6 3 1 1 1 7 1 2 1 4 1 4 1 1 1 6 1 1 1 1 1 1
20 3 2 1 2 4 3 5 1 1 1 2 1 3 1 6 2 6 3 3 7 1 2 1 4 1 4 1 1 1 6 1 1 1 3
20 3 2 1 3 1 1 1 1 1 2 4 1 2 1 12 2 2 1 4 2 1 1 1 1 1 3 1 2 1 1 1 10 1 9 1 1 1 1
20 3 2 1 3 1 1 1 4 4 1 2 1 12 2 2 1 4 2 3 1 1 3 1 2 1 1 1 10 1 9 1 3
20 3 2 1 3 1 1 2 3 4 1 2 1 12 2 2 1 4 3 2 1 1 3 1 2 1 1 1 10 1 9 2 2
20 3 2 1 3 1 3 1 2 4 1 2 1 12 2 2 1 4 1 2 1 1 1 1 3 1 2 1 1 1 10 1 11 1 1
20 3 2 2 1 1 1 1 1 1 2 5 1 1 1 2 1 3 1 6 2 3 1 3 1 1 1 2 7 1 2 1 4 1 4 1 1 1 3 1 5 1 2
20 3 2 2 1 1 1 1 1 2 1 5 1 1 1 2 1 3 1 6 2 3 1 3 1 1 2 1 7 1 2 1 4 1 4 1 1 1 3 1 5 2 1
20 3 2 2 1 1 1 3 2 5 1 1 1 2 1 3 1 6 2 3 1 3 3 2 7 1 2 1 4 1 4 1 1 1 3 1 4 2 2
20 3 2 2 1 1 1 4 1 5 1 1 1 2 1 3 1 6 2 3 1 3 4 1 7 1 2 1 4 1 4 1 1 1 3 1 4 3 1
20 3 2 2 1 2 1 1 1 1 2 4 1 2 1 12 2 2 2 1 1 1 2 1 1 1 1 1 3 1 2 1 1 1 10 1 4 1 1 1 2 1 1 1 1
20 3 2 2 1 2 1 1 4 4 1 2 1 12 2 2 2 1 1 1 2 3 1 1 3 1 2 1 1 1 10 1 4 1 1 1 2 1 3
20 3 2 2 1 2 1 2 3 4 1 2 1 12 2 2 2 1 1 1 3 2 1 1 3 1 2 1 1 1 10 1 4 1 1 1 2 2 2
20 3 2 2 1 2 1 3 2 4 1 2 1 12 2 2 2 1 1 1 4 1 1 1 3 1 2 1 1 1 10 1 4 1 1 1 2 3 1
20 3 2 2 1 2 2 1 3 4 1 2 1 12 2 2 2 1 1 1 1 1 1 2 1 1 3 1 2 1 1 1 10 1 4 1 1 1 3 1 2
20 3 2 2 1 2 2 2 2 4 1 2 1 12 2 2 2 1 1 1 1 1 2 1 1 1 3 1 2 1 1 1 10 1 4 1 1 1 3 2 1
20 3 2 2 1 2 3 1 2 4 1 2 1 12 2 2 2 1 1 1 1 2 1 1 1 1 3 1 2 1 1 1 10 1 4 1 1 1 4 1 1
20 3 2 2 1 3 2 1 1 5 1 1 1 2 1 3 1 6 2 3 1 2 2 2 1 1 7 1 2 1 4 1 4 1 1 1 3 1 2 1 3 1 1
20 3 2 2 1 4 1 1 1 5 1 1 1 2 1 3 1 6 2 3 1 2 3 1 1 1 7 1 2 1 4 1 4 1 1 1 3 1 2 1 1 1 1 1 1
20 3 2 2 1 4 3 5 1 1 1 2 1 3 1 6 2 3 1 2 3 3 7 1 2 1 4 1 4 1 1 1 3 1 2 1 1 1 3
20 3 2 2 2 1 1 1 1 1 2 4 1 2 1 12 2 2 2 3 2 1 1 1 1 1 3 1 2 1 1 1 10 1 4 1 4 1 1 1 1
20 3 2 2 2 1 1 1 4 4 1 2 1 12 2 2 2 3 2 3 1 1 3 1 2 1 1 1 10 1 4 1 4 1 3
20 3 2 2 2 1 1 2 3 4 1 2 1 12 2 2 2 3 3 2 1 1 3 1 2 1 1 1 10 1 4 1 4 2 2
20 3 2 2 2 1 1 3 2 4 1 2 1 12 2 2 2 3 4 1 1 1 3 1 2 1 1 1 10 1 4 1 4 3 1
20 3 2 2 2 1 2 1 3 4 1 2 1 12 2 2 2 3 1 1 1 2 1 1 3 1 2 1 1 1 10 1 4 1 5 1 2
20 3 2 2 2 1 2 2 2 4 1 2 1 12 2 2 2 3 1 1 2 1 1 1 3 1 2 1 1 1 10 1 4 1 5 2 1
20 3 2 2 2 1 3 1 2 4 1 2 1 12 2 2 2 3 1 2 1 1 1 1 3 1 2 1 1 1 10 1 4 1 6 1 1
20 3 2 3 1 1 1 1 1 1 2 4 1 2 1 12 2 2 3 2 2 1 1 1 1 1 3 1 2 1 1 1 10 1 4 2 3 1 1 1 1
20 3 2 3 1 1 1 1 4 4 1 2 1 12 2 2 3 2 2 3 1 1 3 1 2 1 1 1 10 1 4 2 3 1 3
20 3 2 3 1 1 1 2 3 4 1 2 1 12 2 2 3 2 3 2 1 1 3 1 2 1 1 1 10 1 4 2 3 2 2
20 3 2 3 1 1 1 3 2 4 1 2 1 12 2 2 3 2 4 1 1 1 3 1 2 1 1 1 10 1 4 2 3 3 1
20 3 2 3 1 1 2 1 3 4 1 2 1 12 2 2 3 2 1 1 1 2 1 1 3 1 2 1 1 1 10 1 4 2 4 1 2
20 3 2 3 1 1 2 2 2 4 1 2 1 12 2 2 3 2 1 1 2 1 1 1 3 1 2 1 1 1 10 1 4 2 4 2 1
20 3 2 3 1 1 3 1 2 4 1 2 1 12 2 2 3 2 1 2 1 1 1 1 3 1 2 1 1 1 10 1 4 2 5 1 1
20 3 2 5 1 1 1 1 2 4 1 2 1 12 2 2 4 1 2 1 1 1 1 1 3 1 2 1 1 1 10 1 4 3 2 1 1 1 1
20 3 2 5 1 1 4 4 1 2 1 12 2 2 4 1 2 3 1 1 3 1 2 1 1 1 10 1 4 3 2 1 3
20 3 2 5 1 2 3 4 1 2 1 12 2 2 4 1 3 2 1 1 3 1 2 1 1 1 10 1 4 3 2 2 2
20 3 2 5 1 3 2 4 1 2 1 12 2 2 4 1 4 1 1 1 3 1 2 1 1 1 10 1 4 3 2 3 1
20 3 2 5 2 1 3 4 1 2 1 12 2 2 4 1 1 1 1 2 1 1 3 1 2 1 1 1 10 1 4 3 3 1 2
20 3 2 5 2 2 2 4 1 2 1 12 2 2 4 1 1 1 2 1 1 1 3 1 2 1 1 1 10 1 4 3 3 2 1
20 3 2 5 3 1 2 4 1 2 1 12 2 2 4 1 1 2 1 1 1 1 3 1 2 1 1 1 10 1 4 3 4 1 1
20 3 2 6 2 1 1 5 1 1 1 2 1 3 1 6 2 3 2 1 2 2 1 1 7 1 2 1 4 1 4 1 1 1 3 2 1 1 3 1 1
20 3 2 7 1 1 1 5 1 1 1 2 1 3 1 6 2 3 2 1 3 1 1 1 7 1 2 1 4 1 4 1 1 1 3 2 1 1 1 1 1 1 1
20 3 2 7 3 5 1 1 1 2 1 3 1 6 2 3 2 1 3 3 7 1 2 1 4 1 4 1 1 1 3 2 1 1 1 1 3
20 4 1 1 1 1 1 1 1 1 1 1 2 4 1 2 1 12 3 1 1 1 1 2 2 1 1 1 1 1 3 1 2 1 1 1 10 1 1 1 3 1 3 1 1 1 1
20 4 1 1 1 1 1 1 1 1 4 4 1 2 1 12 3 1 1 1 1 2 2 3 1 1 3 1 2 1 1 1 10 1 1 1 3 1 3 1 3
20 4 1 1 1 1 1 1 1 2 3 4 1 2 1 12 3 1 1 1 1 2 3 2 1 1 3 1 2 1 1 1 10 1 1 1 3 1 3 2 2
20 4 1 1 1 1 1 1 1 3 2 4 1 2 1 12 3 1 1 1 1 2 4 1 1 1 3 1 2 1 1 1 10 1 1 1 3 1 3 3 1
20 4 1 1 1 1 1 1 2 1 3 4 1 2 1 12 3 1 1 1 1 2 1 1 1 2 1 1 3 1 2 1 1 1 10 1 1 1 3 1 4 1 2
20 4 1 1 1 1 1 1 2 2 2 4 1 2 1 12 3 1 1 1 1 2 1 1 2 1 1 1 3 1 2 1 1 1 10 1 1 1 3 1 4 2 1
20 4 1 1 1 1 1 1 3 1 2 4 1 2 1 12 3 1 1 1 1 2 1 2 1 1 1 1 3 1 2 1 1 1 10 1 1 1 3 1 5 1 1
20 4 1 1 1 1 2 1 1 2 1 7 1 1 1 2 1 3 1 3 2 1 1 1 1 6 2 1 9 1 2 1 4 1 2 3 2 1 7 1 1
20 4 1 1 1 1 2 3 2 7 1 1 1 2 1 3 1 3 2 1 1 1 1 5 2 2 9 1 2 1 4 1 2 3 2 1 5 1 3
20 4 1 1 1 1 2 4 1 7 1 1 1 2 1 3 1 3 2 1 1 1 1 5 3 1 9 1 2 1 4 1 2 3 2 1 5 1 1 1 1
20 4 1 1 1 2 1 1 1 2 1 7 1 1 1 2 1 3 1 3 2 1 1 1 1 2 1 3 2 1 9 1 2 1 4 1 2 3 2 1 2 1 4 1 1
20 4 1 1 1 2 1 3 2 7 1 1 1 2 1 3 1 3 2 1 1 1 1 2 1 2 2 2 9 1 2 1 4 1 2 3 2 1 2 1 2 1 3
20 4 1 1 1 2 1 4 1 7 1 1 1 2 1 3 1 3 2 1 1 1 1 2 1 2 3 1 9 1 2 1 4 1 2 3 2 1 2 1 2 1 1 1 1
20 4 1 1 1 3 1 1 1 1 2 4 1 2 1 12 3 1 1 1 2 1 2 1 1 1 1 1 3 1 2 1 1 1 10 1 1 1 3 2 2 1 1 1 1
20 4 1 1 1 3 1 1 4 4 1 2 1 12 3 1 1 1 2 1 2 3 1 1 3 1 2 1 1 1 10 1 1 1 3 2 2 1 3
20 4 1 1 1 3 1 2 3 4 1 2 1 12 3 1 1 1 2 1 3 2 1 1 3 1 2 1 1 1 10 1 1 1 3 2 2 2 2
20 4 1 1 1 3 1 3 2 4 1 2 1 12 3 1 1 1 2 1 4 1 1 1 3 1 2 1 1 1 10 1 1 1 3 2 2 3 1
20 4 1 1 1 3 2 1 3 4 1 2 1 12 3 1 1 1 2 1 1 1 1 2 1 1 3 1 2 1 1 1 10 1 1 1 3 2 3 1 2
20 4 1 1 1 3 2 2 2 4 1 2 1 12 3 1 1 1 2 1 1 1 2 1 1 1 3 1 2 1 1 1 10 1 1 1 3 2 3 2 1
20 4 1 1 1 3 3 1 2 4 1 2 1 12 3 1 1 1 2 1 1 2 1 1 1 1 3 1 2 1 1 1 10 1 1 1 3 2 4 1 1
20 4 1 1 1 4 2 1 1 5 1 1 1 2 1 3 1 6 3 3 1 1 2 2 1 1 7 1 2 1 4 1 4 1 1 2 3 1 1 1 3 1 1
20 4 1 1 1 5 1 1 1 5 1 1 1 2 1 3 1 6 3 3 1 1 3 1 1 1 7 1 2 1 4 1 4 1 1 2 3 1 1 1 1 1 1 1 1
20 4 1 1 1 5 3 5 1 1 1 2 1 3 1 6 3 3 1 1 3 3 7 1 2 1 4 1 4 1 1 2 3 1 1 1 1 1 3
20 4 1 1 2 2 1 1 1 1 2 4 1 2 1 12 3 1 1 2 1 1 2 1 1 1 1 1 3 1 2 1 1 1 10 1 1 1 4 1 2 1 1 1 1
20 4 1 1 2 2 1 1 4 4 1 2 1 12 3 1 1 2 1 1 2 3 1 1 3 1 2 1 1 1 10 1 1 1 4 1 2 1 3
20 4 1 1 2 2 1 2 3 4 1 2 1 12 3 1 1 2 1 1 3 2 1 1 3 1 2 1 1 1 10 1 1 1 4 1 2 2 2
20 4 1 1 2 2 1 3 2 4 1 2 1 12 3 1 1 2 1 1 4 1 1 1 3 1 2 1 1 1 10 1 1 1 4 1 2 3 1
20 4 1 1 2 2 2 1 3 4 1 2 1 12 3 1 1 2 1 1 1 1 1 2 1 1 3 1 2 1 1 1 10 1 1 1 4 1 3 1 2
20 4 1 1 2 2 2 2 2 4 1 2 1 12 3 1 1 2 1 1 1 1 2 1 1 1 3 1 2 1 1 1 10 1 1 1 4 1 3 2 1
20 4 1 1 2 2 3 1 2 4 1 2 1 12 3 1 1 2 1 1 1 2 1 1 1 1 3 1 2 1 1 1 10 1 1 1 4 1 4 1 1
20 4 1 1 2 3 2 1 1 5 1 1 1 2 1 3 1 6 3 5 2 2 1 1 7 1 2 1 4 1 4 1 1 2 5 1 3 1 1
20 4 1 1 2 4 1 1 1 5 1 1 1 2 1 3 1 6 3 5 3 1 1 1 7 1 2 1 4 1 4 1 1 2 5 1 1 1 1 1 1
20 4 1 1 2 4 3 5 1 1 1 2 1 3 1 6 3 5 3 3 7 1 2 1 4 1 4 1 1 2 5 1 1 1 3
20 4 1 1 3 1 1 1 1 1 2 4 1 2 1 12 3 1 1 4 2 1 1 1 1 1 3 1 2 1 1 1 10 1 1 1 7 1 1 1 1
20 4 1 1 3 1 1 1 4 4 1 2 1 12 3 1 1 4 2 3 1 1 3 1 2 1 1 1 10 1 1 1 7 1 3
20 4 1 1 3 1 1 2 3 4 1 2 1 12 3 1 1 4 3 2 1 1 3 1 2 1 1 1 10 1 1 1 7 2 2
20 4 1 1 3 1 1 3 2 4 1 2 1 12 3 1 1 4 4 1 1 1 3 1 2 1 1 1 10 1 1 1 7 3 1
20 4 1 1 3 1 2 1 3 4 1 2 1 12 3 1 1 4 1 1 1 2 1 1 3 1 2 1 1 1 10 1 1 1 8 1 2
20 4 1 1 3 1 2 2 2 4 1 2 1 12 3 1 1 4 1 1 2 1 1 1 3 1 2 1 1 1 10 1 1 1 8 2 1
20 4 1 1 3 1 3 1 2 4 1 2 1 12 3 1 1 4 1 2 1 1 1 1 3 1 2 1 1 1 10 1 1 1 9 1 1
20 4 1 2 1 1 1 1 2 1 1 1 1 4 1 2 1 10 1 1 2 1 2 1 1 2 1 1 1 1 2 1 3 1 2 1 1 1 8 1 1 1 2 1 2 1 4 1 1
20 4 1 2 1 1 1 1 2 1 1 5 1 1 1 2 1 3 1 6 3 2 1 3 1 2 1 1 7 1 2 1 4 1 4 1 1 2 2 1 6 1 1
20 4 1 2 1 2 1 1 1 1 2 4 1 2 1 12 3 1 2 1 1 1 2 1 1 1 1 1 3 1 2 1 1 1 10 1 1 1 2 1 1 1 2 1 1 1 1
20 4 1 2 1 2 1 1 4 4 1 2 1 12 3 1 2 1 1 1 2 3 1 1 3 1 2 1 1 1 10 1 1 1 2 1 1 1 2 1 3
20 4 1 2 1 2 1 2 3 4 1 2 1 12 3 1 2 1 1 1 3 2 1 1 3 1 2 1 1 1 10 1 1 1 2 1 1 1 2 2 2
20 4 1 2 1 2 1 3 2 4 1 2 1 12 3 1 2 1 1 1 4 1 1 1 3 1 2 1 1 1 10 1 1 1 2 1 1 1 2 3 1
20 4 1 2 1 2 2 1 3 4 1 2 1 12 3 1 2 1 1 1 1 1 1 2 1 1 3 1 2 1 1 1 10 1 1 1 2 1 1 1 3 1 2
20 4 1 2 1 2 2 2 2 4 1 2 1 12 3 1 2 1 1 1 1 1 2 1 1 1 3 1 2 1 1 1 10 1 1 1 2 1 1 1 3 2 1
20 4 1 2 1 2 3 1 2 4 1 2 1 12 3 1 2 1 1 1 1 2 1 1 1 1 3 1 2 1 1 1 10 1 1 1 2 1 1 1 4 1 1
20 4 1 2 1 3 1 1 2 5 1 1 1 2 1 3 1 6 3 2 1 2 2 1 1 2 7 1 2 1 4 1 4 1 1 2 2 1 2 1 2 1 2
20 4 1 2 1 3 1 2 1 5 1 1 1 2 1 3 1 6 3 2 1 2 2 1 2 1 7 1 2 1 4 1 4 1 1 2 2 1 2 1 2 2 1
20 4 1 2 1 3 2 1 1 1 1 4 1 2 1 10 1 1 2 1 2 1 2 1 1 1 1 1 2 1 3 1 2 1 1 1 8 1 1 1 2 1 2 2 3 1 1
20 4 1 2 1 3 2 1 1 5 1 1 1 2 1 3 1 6 3 2 1 2 2 2 1 1 7 1 2 1 4 1 4 1 1 2 2 1 2 1 3 1 1
20 4 1 2 1 4 1 1 1 5 1 1 1 2 1 3 1 6 3 2 1 2 3 1 1 1 7 1 2 1 4 1 4 1 1 2 2 1 2 1 1 1 1 1 1
20 4 1 2 1 4 3 5 1 1 1 2 1 3 1 6 3 2 1 2 3 3 7 1 2 1 4 1 4 1 1 2 2 1 2 1 1 1 3
20 4 1 2 2 1 1 1 1 1 2 4 1 2 1 12 3 1 2 3 2 1 1 1 1 1 3 1 2 1 1 1 10 1 1 1 2 1 4 1 1 1 1
20 4 1 2 2 1 1 1 4 4 1 2 1 12 3 1 2 3 2 3 1 1 3 1 2 1 1 1 10 1 1 1 2 1 4 1 3
20 4 1 2 2 1 1 2 3 4 1 2 1 12 3 1 2 3 3 2 1 1 3 1 2 1 1 1 10 1 1 1 2 1 4 2 2
20 4 1 2 2 1 1 3 2 4 1 2 1 12 3 1 2 3 4 1 1 1 3 1 2 1 1 1 10 1 1 1 2 1 4 3 1
20 4 1 2 2 1 2 1 3 4 1 2 1 12 3 1 2 3 1 1 1 2 1 1 3 1 2 1 1 1 10 1 1 1 2 1 5 1 2
20 4 1 2 2 1 2 2 2 4 1 2 1 12 3 1 2 3 1 1 2 1 1 1 3 1 2 1 1 1 10 1 1 1 2 1 5 2 1
20 4 1 2 2 1 3 1 2 4 1 2 1 12 3 1 2 3 1 2 1 1 1 1 3 1 2 1 1 1 10 1 1 1 2 1 6 1 1
20 4 1 2 2 2 2 1 1 1 1 4 1 2 1 10 1 1 2 1 2 2 1 1 1 1 1 1 2 1 3 1 2 1 1 1 8 1 1 1 2 1 3 1 3 1 1
20 4 1 2 3 1 2 1 1 1 1 4 1 2 1 10 1 1 2 1 2 4 1 1 1 1 2 1 3 1 2 1 1 1 8 1 1 1 2 1 7 1 1
20 4 1 3 1 1 1 1 1 1 2 4 1 2 1 12 3 1 3 2 2 1 1 1 1 1 3 1 2 1 1 1 10 1 1 1 2 2 3 1 1 1 1
20 4 1 3 1 1 1 1 4 4 1 2 1 12 3 1 3 2 2 3 1 1 3 1 2 1 1 1 10 1 1 1 2 2 3 1 3
20 4 1 3 1 1 1 2 3 4 1 2 1 12 3 1 3 2 3 2 1 1 3 1 2 1 1 1 10 1 1 1 2 2 3 2 2
20 4 1 3 1 1 1 3 2 4 1 2 1 12 3 1 3 2 4 1 1 1 3 1 2 1 1 1 10 1 1 1 2 2 3 3 1
20 4 1 3 1 1 2 1 3 4 1 2 1 12 3 1 3 2 1 1 1 2 1 1 3 1 2 1 1 1 10 1 1 1 2 2 4 1 2
20 4 1 3 1 1 2 2 2 4 1 2 1 12 3 1 3 2 1 1 2 1 1 1 3 1 2 1 1 1 10 1 1 1 2 2 4 2 1
20 4 1 3 1 1 3 1 2 4 1 2 1 12 3 1 3 2 1 2 1 1 1 1 3 1 2 1 1 1 10 1 1 1 2 2 5 1 1
20 4 1 3 1 2 2 1 1 1 1 4 1 2 1 10 1 1 2 1 3 1 1 1 1 1 1 1 2 1 3 1 2 1 1 1 8 1 1 1 2 1 1 1 1 1 3 1 1
20 4 1 3 2 1 1 2 1 7 1 1 1 2 1 3 1 3 2 1 1 1 2 5 2 1 9 1 2 1 4 1 2 3 2 2 6 1 1
20 4 1 3 2 1 2 1 1 1 1 4 1 2 1 10 1 1 2 1 3 3 1 1 1 1 2 1 3 1 2 1 1 1 8 1 1 1 2 1 1 1 5 1 1
20 4 1 3 2 3 2 7 1 1 1 2 1 3 1 3 2 1 1 1 2 4 2 2 9 1 2 1 4 1 2 3 2 2 4 1 3
20 4 1 3 2 4 1 7 1 1 1 2 1 3 1 3 2 1 1 1 2 4 3 1 9 1 2 1 4 1 2 3 2 2 4 1 1 1 1
20 4 1 4 1 1 1 2 1 7 1 1 1 2 1 3 1 3 2 1 1 1 2 1 1 3 2 1 9 1 2 1 4 1 2 3 2 2 1 1 4 1 1
20 4 1 4 1 1 2 1 1 1 1 4 1 2 1 10 1 1 2 1 4 2 1 1 1 1 2 1 3 1 2 1 1 1 8 1 1 1 2 1 1 2 4 1 1
20 4 1 4 1 1 2 1 1 5 1 1 1 2 1 3 1 6 3 2 2 2 1 2 1 1 7 1 2 1 4 1 4 1 1 2 2 2 5 1 1
20 4 1 4 1 3 2 7 1 1 1 2 1 3 1 3 2 1 1 1 2 1 1 2 2 2 9 1 2 1 4 1 2 3 2 2 1 1 2 1 3
20 4 1 4 1 4 1 7 1 1 1 2 1 3 1 3 2 1 1 1 2 1 1 2 3 1 9 1 2 1 4 1 2 3 2 2 1 1 2 1 1 1 1
20 4 1 5 1 1 1 1 2 4 1 2 1 12 3 1 4 1 2 1 1 1 1 1 3 1 2 1 1 1 10 1 1 1 2 3 2 1 1 1 1
20 4 1 5 1 1 4 4 1 2 1 12 3 1 4 1 2 3 1 1 3 1 2 1 1 1 10 1 1 1 2 3 2 1 3
20 4 1 5 1 2 3 4 1 2 1 12 3 1 4 1 3 2 1 1 3 1 2 1 1 1 10 1 1 1 2 3 2 2 2
20 4 1 5 1 3 2 4 1 2 1 12 3 1 4 1 4 1 1 1 3 1 2 1 1 1 10 1 1 1 2 3 2 3 1
20 4 1 5 2 1 3 4 1 2 1 12 3 1 4 1 1 1 1 2 1 1 3 1 2 1 1 1 10 1 1 1 2 3 3 1 2
20 4 1 5 2 2 2 4 1 2 1 12 3 1 4 1 1 1 2 1 1 1 3 1 2 1 1 1 10 1 1 1 2 3 3 2 1
20 4 1 5 3 1 2 4 1 2 1 12 3 1 4 1 1 2 1 1 1 1 3 1 2 1 1 1 10 1 1 1 2 3 4 1 1
20 4 1 6 1 1 2 1 1 4 1 2 1 10 1 1 2 1 5 1 2 2 2 1 3 1 2 1 1 1 8 1 1 1 2 1 1 3 2 1 2
20 4 1 6 1 1 2 5 1 1 1 2 1 3 1 6 3 2 2 1 2 1 1 2 7 1 2 1 4 1 4 1 1 2 2 2 1 1 2 1 2
20 4 1 6 1 2 1 1 1 4 1 2 1 10 1 1 2 1 5 1 3 1 2 1 3 1 2 1 1 1 8 1 1 1 2 1 1 3 2 2 1
20 4 1 6 1 2 1 5 1 1 1 2 1 3 1 6 3 2 2 1 2 1 2 1 7 1 2 1 4 1 4 1 1 2 2 2 1 1 2 2 1
20 4 1 6 2 1 1 1 1 4 1 2 1 10 1 1 2 1 5 1 1 1 1 1 2 1 3 1 2 1 1 1 8 1 1 1 2 1 1 3 3 1 1
20 4 1 6 2 1 1 5 1 1 1 2 1 3 1 6 3 2 2 1 2 2 1 1 7 1 2 1 4 1 4 1 1 2 2 2 1 1 3 1 1
20 4 1 7 1 1 1 5 1 1 1 2 1 3 1 6 3 2 2 1 3 1 1 1 7 1 2 1 4 1 4 1 1 2 2 2 1 1 1 1 1 1 1
20 4 1 7 3 5 1 1 1 2 1 3 1 6 3 2 2 1 3 3 7 1 2 1 4 1 4 1 1 2 2 2 1 1 1 1 3
20 4 2 1 1 1 1 1 1 1 2 1 1 4 1 2 1 10 1 1 2 2 1 1 1 2 2 2 2 1 3 1 2 1 1 1 8 1 1 1 5 1 3 1 2
20 4 2 1 1 1 1 1 1 2 1 1 1 4 1 2 1 10 1 1 2 2 1 1 1 2 3 1 2 1 3 1 2 1 1 1 8 1 1 1 5 1 3 2 1
20 4 2 1 1 1 1 1 2 1 1 1 1 4 1 2 1 10 1 1 2 2 1 1 1 2 1 1 1 1 2 1 3 1 2 1 1 1 8 1 1 1 5 1 4 1 1
20 4 2 1 1 3 1 1 2 1 1 4 1 2 1 10 1 1 2 2 1 1 2 1 2 2 2 1 3 1 2 1 1 1 8 1 1 1 5 2 2 1 2
20 4 2 1 1 3 1 2 1 1 1 4 1 2 1 10 1 1 2 2 1 1 2 1 3 1 2 1 3 1 2 1 1 1 8 1 1 1 5 2 2 2 1
20 4 2 1 1 3 2 1 1 1 1 4 1 2 1 10 1 1 2 2 1 1 2 1 1 1 1 1 2 1 3 1 2 1 1 1 8 1 1 1 5 2 3 1 1
20 4 2 1 2 2 1 1 2 1 1 4 1 2 1 10 1 1 2 2 1 2 1 1 2 2 2 1 3 1 2 1 1 1 8 1 1 1 6 1 2 1 2
20 4 2 1 2 2 1 2 1 1 1 4 1 2 1 10 1 1 2 2 1 2 1 1 3 1 2 1 3 1 2 1 1 1 8 1 1 1 6 1 2 2 1
20 4 2 2 1 2 1 1 2 1 1 4 1 2 1 10 1 1 2 2 2 1 1 1 2 2 2 1 3 1 2 1 1 1 8 1 1 1 4 1 1 1 2 1 2
20 4 2 2 1 2 1 2 1 1 1 4 1 2 1 10 1 1 2 2 2 1 1 1 3 1 2 1 3 1 2 1 1 1 8 1 1 1 4 1 1 1 2 2 1
20 4 2 2 2 1 1 2 1 7 1 1 1 2 1 3 1 3 2 1 1 2 1 5 2 1 9 1 2 1 4 1 2 3 3 1 6 1 1
20 4 2 2 2 3 2 7 1 1 1 2 1 3 1 3 2 1 1 2 1 4 2 2 9 1 2 1 4 1 2 3 3 1 4 1 3
20 4 2 2 2 4 1 7 1 1 1 2 1 3 1 3 2 1 1 2 1 4 3 1 9 1 2 1 4 1 2 3 3 1 4 1 1 1 1
20 4 2 3 1 1 1 1 2 1 1 4 1 2 1 10 1 1 2 2 3 2 2 2 2 1 3 1 2 1 1 1 8 1 1 1 4 2 3 1 2
20 4 2 3 1 1 1 2 1 1 1 4 1 2 1 10 1 1 2 2 3 2 3 1 2 1 3 1 2 1 1 1 8 1 1 1 4 2 3 2 1
20 4 2 3 1 1 1 2 1 7 1 1 1 2 1 3 1 3 2 1 1 2 1 1 1 3 2 1 9 1 2 1 4 1 2 3 3 1 1 1 4 1 1
20 4 2 3 1 1 2 1 1 1 1 4 1 2 1 10 1 1 2 2 3 2 1 1 1 1 2 1 3 1 2 1 1 1 8 1 1 1 4 2 4 1 1
20 4 2 3 1 3 2 7 1 1 1 2 1 3 1 3 2 1 1 2 1 1 1 2 2 2 9 1 2 1 4 1 2 3 3 1 1 1 2 1 3
20 4 2 3 1 4 1 7 1 1 1 2 1 3 1 3 2 1 1 2 1 1 1 2 3 1 9 1 2 1 4 1 2 3 3 1 1 1 2 1 1 1 1
20 4 2 5 1 1 2 1 1 4 1 2 1 10 1 1 2 2 4 1 2 2 2 1 3 1 2 1 1 1 8 1 1 1 4 3 2 1 2
20 4 2 5 1 2 1 1 1 4 1 2 1 10 1 1 2 2 4 1 3 1 2 1 3 1 2 1 1 1 8 1 1 1 4 3 2 2 1
20 4 2 5 2 1 1 1 1 4 1 2 1 10 1 1 2 2 4 1 1 1 1 1 2 1 3 1 2 1 1 1 8 1 1 1 4 3 3 1 1
20 4 3 1 2 1 1 2 1 7 1 1 1 2 1 3 1 3 2 1 1 8 2 1 9 1 2 1 4 1 2 3 10 1 1
20 4 3 1 2 3 2 7 1 1 1 2 1 3 1 3 2 1 1 7 2 2 9 1 2 1 4 1 2 3 8 1 3
20 4 3 1 2 4 1 7 1 1 1 2 1 3 1 3 2 1 1 7 3 1 9 1 2 1 4 1 2 3 8 1 1 1 1
20 4 3 2 1 1 1 2 1 7 1 1 1 2 1 3 1 3 2 1 1 4 1 3 2 1 9 1 2 1 4 1 2 3 5 1 4 1 1
20 4 3 2 1 3 2 7 1 1 1 2 1 3 1 3 2 1 1 4 1 2 2 2 9 1 2 1 4 1 2 3 5 1 2 1 3
20 4 3 2 1 4 1 7 1 1 1 2 1 3 1 3 2 1 1 4 1 2 3 1 9 1 2 1 4 1 2 3 5 1 2 1 1 1 1
20 5 1 1 1 1 1 1 1 1 2 1 1 4 1 2 1 10 1 1 3 1 1 1 1 2 2 2 2 1 3 1 2 1 1 1 8 1 1 1 1 1 3 1 3 1 2
20 5 1 1 1 1 1 1 1 2 1 1 1 4 1 2 1 10 1 1 3 1 1 1 1 2 3 1 2 1 3 1 2 1 1 1 8 1 1 1 1 1 3 1 3 2 1
20 5 1 1 1 1 1 1 2 1 1 1 1 4 1 2 1 10 1 1 3 1 1 1 1 2 1 1 1 1 2 1 3 1 2 1 1 1 8 1 1 1 1 1 3 1 4 1 1
20 5 1 1 1 1 1 2 1 1 1 8 1 1 1 2 1 3 1 2 3 1 1 1 1 3 1 2 1 1 10 1 2 1 4 1 1 4 2 1 3 1 4
20 5 1 1 1 1 1 4 1 8 1 1 1 2 1 3 1 2 3 1 1 1 1 3 1 1 2 1 10 1 2 1 4 1 1 4 2 1 3 1 1 1 2
20 5 1 1 1 1 2 3 1 8 1 1 1 2 1 3 1 2 3 1 1 1 1 5 2 1 10 1 2 1 4 1 1 4 2 1 5 1 2
20 5 1 1 1 2 1 1 1 1 1 4 1 4 1 2 1 7 4 2 1 1 2 1 1 2 6 1 3 1 2 1 1 1 5 4 4 1 2 1 3
20 5 1 1 1 2 1 3 1 4 1 4 1 2 1 7 4 2 1 1 2 1 2 1 6 1 3 1 2 1 1 1 5 4 4 1 2 2 2
20 5 1 1 1 2 2 2 1 4 1 4 1 2 1 7 4 2 1 1 2 2 1 1 6 1 3 1 2 1 1 1 5 4 4 1 3 1 2
20 5 1 1 1 3 1 1 2 1 1 4 1 2 1 10 1 1 3 1 1 1 2 1 2 2 2 1 3 1 2 1 1 1 8 1 1 1 1 1 3 2 2 1 2
20 5 1 1 1 3 1 2 1 1 1 4 1 2 1 10 1 1 3 1 1 1 2 1 3 1 2 1 3 1 2 1 1 1 8 1 1 1 1 1 3 2 2 2 1
20 5 1 1 1 3 1 2 1 4 1 4 1 2 1 7 4 2 1 1 3 1 1 1 6 1 3 1 2 1 1 1 5 4 4 1 1 1 1 1 2
20 5 1 1 1 3 2 1 1 1 1 4 1 2 1 10 1 1 3 1 1 1 2 1 1 1 1 1 2 1 3 1 2 1 1 1 8 1 1 1 1 1 3 2 3 1 1
20 5 1 1 1 3 2 1 1 4 1 4 1 2 1 7 4 2 1 1 3 3 6 1 3 1 2 1 1 1 5 4 4 1 1 1 4
20 5 1 1 1 4 1 1 1 4 1 4 1 2 1 7 4 2 1 1 4 2 6 1 3 1 2 1 1 1 5 4 4 1 1 2 3
20 5 1 1 1 6 1 4 1 4 1 2 1 7 4 2 1 1 5 1 6 1 3 1 2 1 1 1 5 4 4 1 1 3 2
20 5 1 1 2 1 1 1 1 1 1 4 1 4 1 2 1 7 4 2 1 2 1 1 1 2 6 1 3 1 2 1 1 1 5 4 7 1 3
20 5 1 1 2 1 1 3 1 4 1 4 1 2 1 7 4 2 1 2 1 1 2 1 6 1 3 1 2 1 1 1 5 4 7 2 2
20 5 1 1 2 1 2 2 1 4 1 4 1 2 1 7 4 2 1 2 1 2 1 1 6 1 3 1 2 1 1 1 5 4 8 1 2
20 5 1 1 2 2 1 1 2 1 1 4 1 2 1 10 1 1 3 1 1 2 1 1 2 2 2 1 3 1 2 1 1 1 8 1 1 1 1 1 4 1 2 1 2
20 5 1 1 2 2 1 2 1 1 1 4 1 2 1 10 1 1 3 1 1 2 1 1 3 1 2 1 3 1 2 1 1 1 8 1 1 1 1 1 4 1 2 2 1
20 5 1 1 2 2 1 2 1 4 1 4 1 2 1 7 4 2 1 2 2 1 1 1 6 1 3 1 2 1 1 1 5 4 6 1 1 1 2
20 5 1 1 2 2 2 1 1 4 1 4 1 2 1 7 4 2 1 2 2 3 6 1 3 1 2 1 1 1 5 4 6 1 4
20 5 1 1 2 3 1 1 1 4 1 4 1 2 1 7 4 2 1 2 3 2 6 1 3 1 2 1 1 1 5 4 6 2 3
20 5 1 1 2 5 1 4 1 4 1 2 1 7 4 2 1 2 4 1 6 1 3 1 2 1 1 1 5 4 6 3 2
20 5 1 2 1 1 1 1 1 1 1 4 1 4 1 2 1 7 4 2 2 1 1 1 1 2 6 1 3 1 2 1 1 1 5 4 3 1 3 1 3
20 5 1 2 1 1 1 3 1 4 1 4 1 2 1 7 4 2 2 1 1 1 2 1 6 1 3 1 2 1 1 1 5 4 3 1 3 2 2
20 5 1 2 1 1 2 2 1 4 1 4 1 2 1 7 4 2 2 1 1 2 1 1 6 1 3 1 2 1 1 1 5 4 3 1 4 1 2
20 5 1 2 1 2 1 1 2 1 1 4 1 2 1 10 1 1 3 1 2 1 1 1 2 2 2 1 3 1 2 1 1 1 8 1 1 1 1 1 2 1 1 1 2 1 2
20 5 1 2 1 2 1 2 1 1 1 4 1 2 1 10 1 1 3 1 2 1 1 1 3 1 2 1 3 1 2 1 1 1 8 1 1 1 1 1 2 1 1 1 2 2 1
20 5 1 2 1 2 1 2 1 4 1 4 1 2 1 7 4 2 2 1 2 1 1 1 6 1 3 1 2 1 1 1 5 4 3 1 2 1 1 1 2
20 5 1 2 1 2 2 1 1 4 1 4 1 2 1 7 4 2 2 1 2 3 6 1 3 1 2 1 1 1 5 4 3 1 2 1 4
20 5 1 2 1 3 1 1 1 4 1 4 1 2 1 7 4 2 2 1 3 2 6 1 3 1 2 1 1 1 5 4 3 1 2 2 3
20 5 1 2 1 5 1 4 1 4 1 2 1 7 4 2 2 1 4 1 6 1 3 1 2 1 1 1 5 4 3 1 2 3 2
20 5 1 2 2 1 1 2 1 7 1 1 1 2 1 3 1 3 2 1 2 1 1 5 2 1 9 1 2 1 4 1 2 3 1 1 1 1 6 1 1
20 5 1 2 2 3 2 7 1 1 1 2 1 3 1 3 2 1 2 1 1 4 2 2 9 1 2 1 4 1 2 3 1 1 1 1 4 1 3
20 5 1 2 2 4 1 7 1 1 1 2 1 3 1 3 2 1 2 1 1 4 3 1 9 1 2 1 4 1 2 3 1 1 1 1 4 1 1 1 1
20 5 1 3 1 1 1 1 2 1 1 4 1 2 1 10 1 1 3 1 3 2 2 2 2 1 3 1 2 1 1 1 8 1 1 1 1 1 2 2 3 1 2
20 5 1 3 1 1 1 2 1 1 1 4 1 2 1 10 1 1 3 1 3 2 3 1 2 1 3 1 2 1 1 1 8 1 1 1 1 1 2 2 3 2 1
20 5 1 3 1 1 1 2 1 7 1 1 1 2 1 3 1 3 2 1 2 1 1 1 1 3 2 1 9 1 2 1 4 1 2 3 1 1 1 1 1 1 4 1 1
20 5 1 3 1 1 2 1 1 1 1 4 1 2 1 10 1 1 3 1 3 2 1 1 1 1 2 1 3 1 2 1 1 1 8 1 1 1 1 1 2 2 4 1 1
20 5 1 3 1 2 1 1 1 8 1 1 1 2 1 3 1 2 3 1 1 1 2 2 1 2 1 1 10 1 2 1 4 1 1 4 2 2 2 1 4
20 5 1 3 1 3 2 7 1 1 1 2 1 3 1 3 2 1 2 1 1 1 1 2 2 2 9 1 2 1 4 1 2 3 1 1 1 1 1 1 2 1 3
20 5 1 3 1 4 1 7 1 1 1 2 1 3 1 3 2 1 2 1 1 1 1 2 3 1 9 1 2 1 4 1 2 3 1 1 1 1 1 1 2 1 1 1 1
20 5 1 3 1 4 1 8 1 1 1 2 1 3 1 2 3 1 1 1 2 2 1 1 2 1 10 1 2 1 4 1 1 4 2 2 2 1 1 1 2
20 5 1 3 2 3 1 8 1 1 1 2 1 3 1 2 3 1 1 1 2 4 2 1 10 1 2 1 4 1 1 4 2 2 4 1 2
20 5 1 4 1 1 1 1 1 4 1 4 1 2 1 7 4 2 4 1 1 2 6 1 3 1 2 1 1 1 5 4 3 2 2 1 3
20 5 1 4 1 3 1 4 1 4 1 2 1 7 4 2 4 1 2 1 6 1 3 1 2 1 1 1 5 4 3 2 2 2 2
20 5 1 4 2 2 1 4 1 4 1 2 1 7 4 2 4 2 1 1 6 1 3 1 2 1 1 1 5 4 3 2 3 1 2
20 5 1 5 1 1 2 1 1 4 1 2 1 10 1 1 3 1 4 1 2 2 2 1 3 1 2 1 1 1 8 1 1 1 1 1 2 3 2 1 2
20 5 1 5 1 2 1 1 1 4 1 2 1 10 1 1 3 1 4 1 3 1 2 1 3 1 2 1 1 1 8 1 1 1 1 1 2 3 2 2 1
20 5 1 5 1 2 1 4 1 4 1 2 1 7 4 2 5 1 1 1 6 1 3 1 2 1 1 1 5 4 3 2 1 1 1 1 2
20 5 1 5 2 1 1 1 1 4 1 2 1 10 1 1 3 1 4 1 1 1 1 1 2 1 3 1 2 1 1 1 8 1 1 1 1 1 2 3 3 1 1
20 5 1 5 2 1 1 4 1 4 1 2 1 7 4 2 5 3 6 1 3 1 2 1 1 1 5 4 3 2 1 1 4
20 5 1 6 1 1 1 4 1 4 1 2 1 7 4 2 6 2 6 1 3 1 2 1 1 1 5 4 3 2 1 2 3
20 5 1 8 1 4 1 4 1 2 1 7 4 2 7 1 6 1 3 1 2 1 1 1 5 4 3 2 1 3 2
20 5 2 1 2 1 1 2 1 7 1 1 1 2 1 3 1 3 2 1 2 7 2 1 9 1 2 1 4 1 2 3 1 1 8 1 1
20 5 2 1 2 3 2 7 1 1 1 2 1 3 1 3 2 1 2 6 2 2 9 1 2 1 4 1 2 3 1 1 6 1 3
20 5 2 1 2 4 1 7 1 1 1 2 1 3 1 3 2 1 2 6 3 1 9 1 2 1 4 1 2 3 1 1 6 1 1 1 1
20 5 2 2 1 1 1 2 1 7 1 1 1 2 1 3 1 3 2 1 2 3 1 3 2 1 9 1 2 1 4 1 2 3 1 1 3 1 4 1 1
20 5 2 2 1 2 1 1 1 8 1 1 1 2 1 3 1 2 3 1 1 2 1 2 1 2 1 1 10 1 2 1 4 1 1 4 3 1 2 1 4
20 5 2 2 1 3 2 7 1 1 1 2 1 3 1 3 2 1 2 3 1 2 2 2 9 1 2 1 4 1 2 3 1 1 3 1 2 1 3
20 5 2 2 1 4 1 7 1 1 1 2 1 3 1 3 2 1 2 3 1 2 3 1 9 1 2 1 4 1 2 3 1 1 3 1 2 1 1 1 1
20 5 2 2 1 4 1 8 1 1 1 2 1 3 1 2 3 1 1 2 1 2 1 1 2 1 10 1 2 1 4 1 1 4 3 1 2 1 1 1 2
20 5 2 2 2 3 1 8 1 1 1 2 1 3 1 2 3 1 1 2 1 4 2 1 10 1 2 1 4 1 1 4 3 1 4 1 2
20 5 2 3 1 1 1 1 1 8 1 1 1 2 1 3 1 2 3 1 1 2 1 1 1 3 1 1 10 1 2 1 4 1 1 4 3 1 1 1 5
20 5 2 3 1 3 1 8 1 1 1 2 1 3 1 2 3 1 1 2 1 1 1 2 2 1 10 1 2 1 4 1 1 4 3 1 1 1 2 1 2
20 5 2 5 1 1 1 8 1 1 1 2 1 3 1 2 3 1 1 2 1 1 2 2 1 1 10 1 2 1 4 1 1 4 3 1 1 2 4
20 5 2 6 2 7 1 1 1 2 1 3 1 3 2 1 2 3 2 1 2 2 9 1 2 1 4 1 2 3 1 1 3 2 1 1 3
20 5 2 7 1 8 1 1 1 2 1 3 1 2 3 1 1 2 1 1 2 1 2 1 10 1 2 1 4 1 1 4 3 1 1 2 1 1 2
20 5 3 1 1 2 1 1 1 8 1 1 1 2 1 3 1 2 3 1 1 5 1 2 1 1 10 1 2 1 4 1 1 4 6 1 4
20 5 3 1 1 4 1 8 1 1 1 2 1 3 1 2 3 1 1 5 1 1 2 1 10 1 2 1 4 1 1 4 6 1 1 1 2
20 5 3 1 2 3 1 8 1 1 1 2 1 3 1 2 3 1 1 7 2 1 10 1 2 1 4 1 1 4 8 1 2
20 5 3 2 1 1 1 1 1 8 1 1 1 2 1 3 1 2 3 1 1 4 1 3 1 1 10 1 2 1 4 1 1 4 5 1 5
20 5 3 2 1 3 1 8 1 1 1 2 1 3 1 2 3 1 1 4 1 2 2 1 10 1 2 1 4 1 1 4 5 1 2 1 2
20 5 3 4 1 1 1 8 1 1 1 2 1 3 1 2 3 1 1 4 2 2 1 1 10 1 2 1 4 1 1 4 5 2 4
20 5 3 6 1 8 1 1 1 2 1 3 1 2 3 1 1 4 2 1 2 1 10 1 2 1 4 1 1 4 5 2 1 1 2
20 6 1 1 1 1 1 1 1 1 1 2 1 4 1 2 1 9 2 1 3 1 1 1 1 2 2 1 3 1 3 1 2 1 1 1 7 2 1 1 1 1 3 1 3 1 1
20 6 1 1 1 1 1 1 1 1 2 4 1 2 1 12 5 1 1 2 2 1 1 1 1 1 3 1 2 1 1 1 10 1 1 2 2 1 3 1 1 1 1
20 6 1 1 1 1 1 1 3 2 1 4 1 2 1 9 2 1 3 1 1 1 1 2 1 2 3 1 3 1 2 1 1 1 7 2 1 1 1 1 3 1 5
20 6 1 1 1 1 1 1 4 4 1 2 1 12 5 1 1 2 2 3 1 1 3 1 2 1 1 1 10 1 1 2 2 1 3 1 3
20 6 1 1 1 1 1 13 1 1 1 2 1 3 1 1 4 1 1 1 1 3 1 1 13 1 2 1 4 6 2 1 3 1 1 1 1
20 6 1 1 1 1 1 2 1 10 1 1 1 2 1 3 1 1 4 1 1 1 1 3 1 2 12 1 2 1 4 6 2 1 3 1 3
20 6 1 1 1 1 1 2 3 4 1 2 1 12 5 1 1 2 3 2 1 1 3 1 2 1 1 1 10 1 1 2 2 1 3 2 2
20 6 1 1 1 1 1 3 2 4 1 2 1 12 5 1 1 2 4 1 1 1 3 1 2 1 1 1 10 1 1 2 2 1 3 3 1
20 6 1 1 1 1 2 1 3 4 1 2 1 12 5 1 1 2 1 1 1 2 1 1 3 1 2 1 1 1 10 1 1 2 2 1 4 1 2
20 6 1 1 1 1 2 12 1 1 1 2 1 3 1 1 4 1 1 1 1 5 13 1 2 1 4 6 2 1 5 1 1
20 6 1 1 1 1 2 2 2 4 1 2 1 12 5 1 1 2 1 1 2 1 1 1 3 1 2 1 1 1 10 1 1 2 2 1 4 2 1
20 6 1 1 1 1 3 1 2 4 1 2 1 12 5 1 1 2 1 2 1 1 1 1 3 1 2 1 1 1 10 1 1 2 2 1 5 1 1
20 6 1 1 1 15 1 1 1 2 1 3 1 1 4 1 1 1 1 2 2 1 13 1 2 1 4 6 2 1 2 2 1 1 1
20 6 1 1 1 2 1 1 1 10 1 1 1 2 1 3 1 1 4 1 1 1 1 2 1 3 12 1 2 1 4 6 2 1 2 1 4
20 6 1 1 1 2 1 12 1 1 1 2 1 3 1 1 4 1 1 1 1 2 1 2 13 1 2 1 4 6 2 1 2 1 2 1 1
20 6 1 1 1 3 1 1 1 2 1 4 1 2 1 9 2 1 3 1 1 1 2 1 2 1 3 1 3 1 2 1 1 1 7 2 1 1 1 1 3 2 2 1 1
20 6 1 1 1 3 3 2 1 4 1 2 1 9 2 1 3 1 1 1 2 1 1 2 3 1 3 1 2 1 1 1 7 2 1 1 1 1 3 2 4
20 6 1 1 1 4 1 10 1 1 1 2 1 3 1 1 4 1 1 1 1 2 2 2 12 1 2 1 4 6 2 1 2 2 3
20 6 1 1 2 1 1 2 1 7 1 1 1 2 1 3 1 3 2 1 3 6 2 1 9 1 2 1 4 1 2 3 1 2 7 1 1
20 6 1 1 2 2 1 1 1 2 1 4 1 2 1 9 2 1 3 1 1 2 1 1 2 1 3 1 3 1 2 1 1 1 7 2 1 1 1 1 4 1 2 1 1
20 6 1 1 2 2 3 2 1 4 1 2 1 9 2 1 3 1 1 2 1 1 1 2 3 1 3 1 2 1 1 1 7 2 1 1 1 1 4 1 4
20 6 1 1 2 3 2 7 1 1 1 2 1 3 1 3 2 1 3 5 2 2 9 1 2 1 4 1 2 3 1 2 5 1 3
20 6 1 1 2 4 1 7 1 1 1 2 1 3 1 3 2 1 3 5 3 1 9 1 2 1 4 1 2 3 1 2 5 1 1 1 1
20 6 1 1 3 1 1 1 1 2 1 4 1 2 1 9 2 1 3 1 1 4 2 1 3 1 3 1 2 1 1 1 7 2 1 1 1 1 7 1 1
20 6 1 17 1 1 1 2 1 3 1 1 4 1 1 1 2 1 2 1 13 1 2 1 4 6 2 2 1 2 1 1 1
20 6 1 2 1 1 1 2 1 7 1 1 1 2 1 3 1 3 2 1 3 2 1 3 2 1 9 1 2 1 4 1 2 3 1 2 2 1 4 1 1
20 6 1 2 1 2 1 1 1 2 1 4 1 2 1 9 2 1 3 1 2 1 1 1 2 1 3 1 3 1 2 1 1 1 7 2 1 1 1 1 2 1 1 1 2 1 1
20 6 1 2 1 2 1 1 1 8 1 1 1 2 1 3 1 2 3 1 2 1 1 2 1 2 1 1 10 1 2 1 4 1 1 4 1 1 1 1 2 1 4
20 6 1 2 1 2 3 2 1 4 1 2 1 9 2 1 3 1 2 1 1 1 1 2 3 1 3 1 2 1 1 1 7 2 1 1 1 1 2 1 1 1 4
20 6 1 2 1 3 2 7 1 1 1 2 1 3 1 3 2 1 3 2 1 2 2 2 9 1 2 1 4 1 2 3 1 2 2 1 2 1 3
20 6 1 2 1 4 1 7 1 1 1 2 1 3 1 3 2 1 3 2 1 2 3 1 9 1 2 1 4 1 2 3 1 2 2 1 2 1 1 1 1
20 6 1 2 1 4 1 8 1 1 1 2 1 3 1 2 3 1 2 1 1 2 1 1 2 1 10 1 2 1 4 1 1 4 1 1 1 1 2 1 1 1 2
20 6 1 2 2 1 1 1 1 2 1 4 1 2 1 9 2 1 3 1 2 3 2 1 3 1 3 1 2 1 1 1 7 2 1 1 1 1 2 1 4 1 1
20 6 1 2 2 1 3 2 1 4 1 2 1 9 2 1 3 1 2 3 1 2 3 1 3 1 2 1 1 1 7 2 1 1 1 1 2 1 6
20 6 1 2 2 3 1 8 1 1 1 2 1 3 1 2 3 1 2 1 1 4 2 1 10 1 2 1 4 1 1 4 1 1 1 1 4 1 2
20 6 1 3 1 1 1 1 1 2 1 4 1 2 1 9 2 1 3 1 3 2 2 1 3 1 3 1 2 1 1 1 7 2 1 1 1 1 2 2 3 1 1
20 6 1 3 1 1 1 1 1 8 1 1 1 2 1 3 1 2 3 1 2 1 1 1 1 3 1 1 10 1 2 1 4 1 1 4 1 1 1 1 1 1 5
20 6 1 3 1 1 1 1 2 4 1 2 1 12 5 1 2 1 2 1 1 1 1 1 3 1 2 1 1 1 10 1 1 2 2 2 2 1 1 1 1
20 6 1 3 1 1 3 2 1 4 1 2 1 9 2 1 3 1 3 2 1 2 3 1 3 1 2 1 1 1 7 2 1 1 1 1 2 2 5
20 6 1 3 1 1 4 4 1 2 1 12 5 1 2 1 2 3 1 1 3 1 2 1 1 1 10 1 1 2 2 2 2 1 3
20 6 1 3 1 13 1 1 1 2 1 3 1 1 4 1 1 1 2 2 1 1 13 1 2 1 4 6 2 2 2 1 1 1 1
20 6 1 3 1 2 1 10 1 1 1 2 1 3 1 1 4 1 1 1 2 2 1 2 12 1 2 1 4 6 2 2 2 1 3
20 6 1 3 1 2 3 4 1 2 1 12 5 1 2 1 3 2 1 1 3 1 2 1 1 1 10 1 1 2 2 2 2 2 2
20 6 1 3 1 3 1 8 1 1 1 2 1 3 1 2 3 1 2 1 1 1 1 2 2 1 10 1 2 1 4 1 1 4 1 1 1 1 1 1 2 1 2
20 6 1 3 1 3 2 4 1 2 1 12 5 1 2 1 4 1 1 1 3 1 2 1 1 1 10 1 1 2 2 2 2 3 1
20 6 1 3 2 1 3 4 1 2 1 12 5 1 2 1 1 1 1 2 1 1 3 1 2 1 1 1 10 1 1 2 2 2 3 1 2
20 6 1 3 2 12 1 1 1 2 1 3 1 1 4 1 1 1 2 4 13 1 2 1 4 6 2 2 4 1 1
20 6 1 3 2 2 2 4 1 2 1 12 5 1 2 1 1 1 2 1 1 1 3 1 2 1 1 1 10 1 1 2 2 2 3 2 1
20 6 1 3 3 1 2 4 1 2 1 12 5 1 2 1 1 2 1 1 1 1 3 1 2 1 1 1 10 1 1 2 2 2 4 1 1
20 6 1 4 1 1 1 10 1 1 1 2 1 3 1 1 4 1 1 1 2 1 1 3 12 1 2 1 4 6 2 2 1 1 4
20 6 1 4 1 12 1 1 1 2 1 3 1 1 4 1 1 1 2 1 1 2 13 1 2 1 4 6 2 2 1 1 2 1 1
20 6 1 4 2 1 1 5 1 1 1 2 1 3 1 6 4 2 1 1 2 2 1 1 7 1 2 1 4 1 4 1 1 3 2 1 1 1 3 1 1
20 6 1 4 4 5 1 1 1 2 1 3 1 6 4 2 1 1 2 4 7 1 2 1 4 1 4 1 1 3 2 1 1 1 5
20 6 1 5 1 1 1 2 1 4 1 2 1 9 2 1 3 1 4 1 2 1 3 1 3 1 2 1 1 1 7 2 1 1 1 1 2 3 2 1 1
20 6 1 5 1 1 1 5 1 1 1 2 1 3 1 6 4 2 1 1 3 1 1 1 7 1 2 1 4 1 4 1 1 3 2 1 1 1 1 1 1 1 1
20 6 1 5 1 1 1 8 1 1 1 2 1 3 1 2 3 1 2 1 1 1 2 2 1 1 10 1 2 1 4 1 1 4 1 1 1 1 1 2 4
20 6 1 5 3 2 1 4 1 2 1 9 2 1 3 1 4 1 1 2 3 1 3 1 2 1 1 1 7 2 1 1 1 1 2 3 4
20 6 1 5 3 5 1 1 1 2 1 3 1 6 4 2 1 1 3 3 7 1 2 1 4 1 4 1 1 3 2 1 1 1 1 1 3
20 6 1 6 1 10 1 1 1 2 1 3 1 1 4 1 1 1 2 1 2 2 12 1 2 1 4 6 2 2 1 2 3
20 6 1 7 1 8 1 1 1 2 1 3 1 2 3 1 2 1 1 1 2 1 2 1 10 1 2 1 4 1 1 4 1 1 1 1 1 2 1 1 2
20 6 2 1 1 2 1 1 1 8 1 1 1 2 1 3 1 2 3 1 2 4 1 2 1 1 10 1 2 1 4 1 1 4 1 1 4 1 4
20 6 2 1 1 4 1 8 1 1 1 2 1 3 1 2 3 1 2 4 1 1 2 1 10 1 2 1 4 1 1 4 1 1 4 1 1 1 2
20 6 2 1 2 3 1 8 1 1 1 2 1 3 1 2 3 1 2 6 2 1 10 1 2 1 4 1 1 4 1 1 6 1 2
20 6 2 16 1 1 1 2 1 3 1 1 4 1 1 2 1 1 2 1 13 1 2 1 4 6 3 1 1 2 1 1 1
20 6 2 2 1 1 1 1 1 8 1 1 1 2 1 3 1 2 3 1 2 3 1 3 1 1 10 1 2 1 4 1 1 4 1 1 3 1 5
20 6 2 2 1 1 1 1 2 4 1 2 1 12 5 2 1 1 2 1 1 1 1 1 3 1 2 1 1 1 10 1 1 2 3 1 2 1 1 1 1
20 6 2 2 1 1 4 4 1 2 1 12 5 2 1 1 2 3 1 1 3 1 2 1 1 1 10 1 1 2 3 1 2 1 3
20 6 2 2 1 13 1 1 1 2 1 3 1 1 4 1 1 2 1 2 1 1 13 1 2 1 4 6 3 1 2 1 1 1 1
20 6 2 2 1 2 1 10 1 1 1 2 1 3 1 1 4 1 1 2 1 2 1 2 12 1 2 1 4 6 3 1 2 1 3
20 6 2 2 1 2 3 4 1 2 1 12 5 2 1 1 3 2 1 1 3 1 2 1 1 1 10 1 1 2 3 1 2 2 2
20 6 2 2 1 3 1 8 1 1 1 2 1 3 1 2 3 1 2 3 1 2 2 1 10 1 2 1 4 1 1 4 1 1 3 1 2 1 2
20 6 2 2 1 3 2 4 1 2 1 12 5 2 1 1 4 1 1 1 3 1 2 1 1 1 10 1 1 2 3 1 2 3 1
20 6 2 2 2 1 1 10 1 1 1 2 1 3 1 1 4 1 1 2 1 5 12 1 2 1 4 6 3 1 6
20 6 2 2 2 1 3 4 1 2 1 12 5 2 1 1 1 1 1 2 1 1 3 1 2 1 1 1 10 1 1 2 3 1 3 1 2
20 6 2 2 2 12 1 1 1 2 1 3 1 1 4 1 1 2 1 4 13 1 2 1 4 6 3 1 4 1 1
20 6 2 2 2 2 2 4 1 2 1 12 5 2 1 1 1 1 2 1 1 1 3 1 2 1 1 1 10 1 1 2 3 1 3 2 1
20 6 2 2 3 1 2 4 1 2 1 12 5 2 1 1 1 2 1 1 1 1 3 1 2 1 1 1 10 1 1 2 3 1 4 1 1
20 6 2 2 6 4 1 2 1 12 5 2 1 1 1 4 1 1 3 1 2 1 1 1 10 1 1 2 3 1 6
20 6 2 3 1 1 1 10 1 1 1 2 1 3 1 1 4 1 1 2 1 1 1 3 12 1 2 1 4 6 3 1 1 1 4
20 6 2 3 1 12 1 1 1 2 1 3 1 1 4 1 1 2 1 1 1 2 13 1 2 1 4 6 3 1 1 1 2 1 1
20 6 2 3 2 1 1 5 1 1 1 2 1 3 1 6 4 4 2 2 1 1 7 1 2 1 4 1 4 1 1 3 4 1 3 1 1
20 6 2 3 4 5 1 1 1 2 1 3 1 6 4 4 2 4 7 1 2 1 4 1 4 1 1 3 4 1 5
20 6 2 4 1 1 1 5 1 1 1 2 1 3 1 6 4 4 3 1 1 1 7 1 2 1 4 1 4 1 1 3 4 1 1 1 1 1 1
20 6 2 4 1 1 1 8 1 1 1 2 1 3 1 2 3 1 2 3 2 2 1 1 10 1 2 1 4 1 1 4 1 1 3 2 4
20 6 2 4 3 5 1 1 1 2 1 3 1 6 4 4 3 3 7 1 2 1 4 1 4 1 1 3 4 1 1 1 3
20 6 2 5 1 10 1 1 1 2 1 3 1 1 4 1 1 2 1 1 2 2 12 1 2 1 4 6 3 1 1 2 3
20 6 2 6 1 8 1 1 1 2 1 3 1 2 3 1 2 3 2 1 2 1 10 1 2 1 4 1 1 4 1 1 3 2 1 1 2
20 6 3 1 1 1 1 1 2 4 1 2 1 12 5 4 2 1 1 1 1 1 3 1 2 1 1 1 10 1 1 2 6 1 1 1 1
20 6 3 1 1 1 4 4 1 2 1 12 5 4 2 3 1 1 3 1 2 1 1 1 10 1 1 2 6 1 3
20 6 3 1 1 13 1 1 1 2 1 3 1 1 4 1 1 5 1 1 13 1 2 1 4 6 6 1 1 1 1
20 6 3 1 1 2 1 10 1 1 1 2 1 3 1 1 4 1 1 5 1 2 12 1 2 1 4 6 6 1 3
20 6 3 1 1 2 3 4 1 2 1 12 5 4 3 2 1 1 3 1 2 1 1 1 10 1 1 2 6 2 2
20 6 3 1 1 3 2 4 1 2 1 12 5 4 4 1 1 1 3 1 2 1 1 1 10 1 1 2 6 3 1
20 6 3 1 2 1 3 4 1 2 1 12 5 4 1 1 1 2 1 1 3 1 2 1 1 1 10 1 1 2 7 1 2
20 6 3 1 2 12 1 1 1 2 1 3 1 1 4 1 1 7 13 1 2 1 4 6 8 1 1
20 6 3 1 2 2 2 4 1 2 1 12 5 4 1 1 2 1 1 1 3 1 2 1 1 1 10 1 1 2 7 2 1
20 6 3 1 3 1 2 4 1 2 1 12 5 4 1 2 1 1 1 1 3 1 2 1 1 1 10 1 1 2 8 1 1
20 6 3 15 1 1 1 2 1 3 1 1 4 1 1 4 2 1 13 1 2 1 4 6 5 2 1 1 1
20 6 3 2 1 1 1 10 1 1 1 2 1 3 1 1 4 1 1 4 1 3 12 1 2 1 4 6 5 1 4
20 6 3 2 1 12 1 1 1 2 1 3 1 1 4 1 1 4 1 2 13 1 2 1 4 6 5 1 2 1 1
20 6 3 4 1 10 1 1 1 2 1 3 1 1 4 1 1 4 2 2 12 1 2 1 4 6 5 2 3
20 7 1 1 1 1 2 1 1 1 1 4 1 2 1 10 1 1 5 1 1 2 1 1 1 1 2 1 3 1 2 1 1 1 8 1 1 1 1 2 2 1 4 1 1
20 7 1 1 1 1 2 1 1 5 1 1 1 2 1 3 1 6 4 1 1 3 1 2 1 1 7 1 2 1 4 1 4 1 1 3 1 1 6 1 1
20 7 1 1 1 1 4 1 1 4 1 2 1 10 1 1 5 1 1 2 1 3 2 1 3 1 2 1 1 1 8 1 1 1 1 2 2 1 6
20 7 1 1 1 2 1 1 1 8 1 1 1 2 1 3 1 2 3 1 3 3 1 2 1 1 10 1 2 1 4 1 1 4 1 2 3 1 4
20 7 1 1 1 4 1 8 1 1 1 2 1 3 1 2 3 1 3 3 1 1 2 1 10 1 2 1 4 1 1 4 1 2 3 1 1 1 2
20 7 1 1 2 2 2 3 1 4 1 2 1 8 3 1 3 1 1 2 1 1 1 1 4 1 3 1 2 1 1 1 6 3 1 1 1 1 4 1 3
20 7 1 1 2 3 1 8 1 1 1 2 1 3 1 2 3 1 3 5 2 1 10 1 2 1 4 1 1 4 1 2 5 1 2
20 7 1 16 1 1 1 2 1 3 1 1 4 1 2 1 1 1 2 1 13 1 2 1 4 6 1 1 1 1 1 2 1 1 1
20 7 1 2 1 1 1 1 2 4 1 2 1 12 6 1 1 1 2 1 1 1 1 1 3 1 2 1 1 1 10 1 1 2 1 1 1 1 2 1 1 1 1
20 7 1 2 1 1 4 4 1 2 1 12 6 1 1 1 2 3 1 1 3 1 2 1 1 1 10 1 1 2 1 1 1 1 2 1 3
20 7 1 2 1 13 1 1 1 2 1 3 1 1 4 1 2 1 1 2 1 1 13 1 2 1 4 6 1 1 1 1 2 1 1 1 1
20 7 1 2 1 2 1 10 1 1 1 2 1 3 1 1 4 1 2 1 1 2 1 2 12 1 2 1 4 6 1 1 1 1 2 1 3
20 7 1 2 1 2 3 4 1 2 1 12 6 1 1 1 3 2 1 1 3 1 2 1 1 1 10 1 1 2 1 1 1 1 2 2 2
20 7 1 2 1 3 2 4 1 2 1 12 6 1 1 1 4 1 1 1 3 1 2 1 1 1 10 1 1 2 1 1 1 1 2 3 1
20 7 1 2 2 1 1 10 1 1 1 2 1 3 1 1 4 1 2 1 1 5 12 1 2 1 4 6 1 1 1 1 6
20 7 1 2 2 1 3 4 1 2 1 12 6 1 1 1 1 1 1 2 1 1 3 1 2 1 1 1 10 1 1 2 1 1 1 1 3 1 2
20 7 1 2 2 12 1 1 1 2 1 3 1 1 4 1 2 1 1 4 13 1 2 1 4 6 1 1 1 1 4 1 1
20 7 1 2 2 2 2 4 1 2 1 12 6 1 1 1 1 1 2 1 1 1 3 1 2 1 1 1 10 1 1 2 1 1 1 1 3 2 1
20 7 1 2 3 1 2 4 1 2 1 12 6 1 1 1 1 2 1 1 1 1 3 1 2 1 1 1 10 1 1 2 1 1 1 1 4 1 1
20 7 1 2 6 4 1 2 1 12 6 1 1 1 1 4 1 1 3 1 2 1 1 1 10 1 1 2 1 1 1 1 6
20 7 1 3 1 1 1 10 1 1 1 2 1 3 1 1 4 1 2 1 1 1 1 3 12 1 2 1 4 6 1 1 1 1 1 1 4
20 7 1 3 1 1 2 5 1 1 1 2 1 3 1 6 4 1 1 2 2 1 1 2 7 1 2 1 4 1 4 1 1 3 1 1 2 1 2 1 2
20 7 1 3 1 12 1 1 1 2 1 3 1 1 4 1 2 1 1 1 1 2 13 1 2 1 4 6 1 1 1 1 1 1 2 1 1
20 7 1 3 1 2 1 5 1 1 1 2 1 3 1 6 4 1 1 2 2 1 2 1 7 1 2 1 4 1 4 1 1 3 1 1 2 1 2 2 1
20 7 1 3 2 1 1 1 1 4 1 2 1 10 1 1 5 1 2 1 1 1 1 1 2 1 3 1 2 1 1 1 8 1 1 1 1 2 2 2 3 1 1
20 7 1 3 2 1 1 5 1 1 1 2 1 3 1 6 4 1 1 2 2 2 1 1 7 1 2 1 4 1 4 1 1 3 1 1 2 1 3 1 1
20 7 1 3 4 1 1 4 1 2 1 10 1 1 5 1 2 1 1 3 2 1 3 1 2 1 1 1 8 1 1 1 1 2 2 2 5
20 7 1 3 4 5 1 1 1 2 1 3 1 6 4 1 1 2 2 4 7 1 2 1 4 1 4 1 1 3 1 1 2 1 5
20 7 1 4 1 1 1 5 1 1 1 2 1 3 1 6 4 1 1 2 3 1 1 1 7 1 2 1 4 1 4 1 1 3 1 1 2 1 1 1 1 1 1
20 7 1 4 3 5 1 1 1 2 1 3 1 6 4 1 1 2 3 3 7 1 2 1 4 1 4 1 1 3 1 1 2 1 1 1 3
20 7 1 5 1 10 1 1 1 2 1 3 1 1 4 1 2 1 1 1 2 2 12 1 2 1 4 6 1 1 1 1 1 2 3
20 7 2 1 1 1 1 1 2 4 1 2 1 12 6 3 2 1 1 1 1 1 3 1 2 1 1 1 10 1 1 2 1 1 4 1 1 1 1
20 7 2 1 1 1 4 4 1 2 1 12 6 3 2 3 1 1 3 1 2 1 1 1 10 1 1 2 1 1 4 1 3
20 7 2 1 1 13 1 1 1 2 1 3 1 1 4 1 2 4 1 1 13 1 2 1 4 6 1 1 4 1 1 1 1
20 7 2 1 1 2 1 10 1 1 1 2 1 3 1 1 4 1 2 4 1 2 12 1 2 1 4 6 1 1 4 1 3
20 7 2 1 1 2 3 4 1 2 1 12 6 3 3 2 1 1 3 1 2 1 1 1 10 1 1 2 1 1 4 2 2
20 7 2 1 1 3 2 4 1 2 1 12 6 3 4 1 1 1 3 1 2 1 1 1 10 1 1 2 1 1 4 3 1
20 7 2 1 2 1 3 4 1 2 1 12 6 3 1 1 1 2 1 1 3 1 2 1 1 1 10 1 1 2 1 1 5 1 2
20 7 2 1 2 12 1 1 1 2 1 3 1 1 4 1 2 6 13 1 2 1 4 6 1 1 6 1 1
20 7 2 1 2 2 1 4 1 4 1 2 1 7 4 1 2 2 1 2 1 1 6 1 3 1 2 1 1 1 5 4 1 1 6 1 2
20 7 2 1 2 2 2 4 1 2 1 12 6 3 1 1 2 1 1 1 3 1 2 1 1 1 10 1 1 2 1 1 5 2 1
20 7 2 1 3 1 2 4 1 2 1 12 6 3 1 2 1 1 1 1 3 1 2 1 1 1 10 1 1 2 1 1 6 1 1
20 7 2 15 1 1 1 2 1 3 1 1 4 1 2 3 2 1 13 1 2 1 4 6 1 1 3 2 1 1 1
20 7 2 2 1 1 1 10 1 1 1 2 1 3 1 1 4 1 2 3 1 3 12 1 2 1 4 6 1 1 3 1 4
20 7 2 2 1 12 1 1 1 2 1 3 1 1 4 1 2 3 1 2 13 1 2 1 4 6 1 1 3 1 2 1 1
20 7 2 2 1 2 1 4 1 4 1 2 1 7 4 1 2 2 2 1 1 1 6 1 3 1 2 1 1 1 5 4 1 1 4 1 1 1 2
20 7 2 2 2 1 1 1 1 4 1 2 1 10 1 1 5 2 1 1 1 1 1 1 2 1 3 1 2 1 1 1 8 1 1 1 1 2 3 1 3 1 1
20 7 2 2 2 1 1 4 1 4 1 2 1 7 4 1 2 2 2 3 6 1 3 1 2 1 1 1 5 4 1 1 4 1 4
20 7 2 2 4 1 1 4 1 2 1 10 1 1 5 2 1 1 1 3 2 1 3 1 2 1 1 1 8 1 1 1 1 2 3 1 5
20 7 2 4 1 10 1 1 1 2 1 3 1 1 4 1 2 3 2 2 12 1 2 1 4 6 1 1 3 2 3
20 7 3 1 2 1 1 1 1 4 1 2 1 10 1 1 5 4 1 1 1 1 2 1 3 1 2 1 1 1 8 1 1 1 1 2 7 1 1
20 8 1 1 1 1 1 1 1 2 1 4 1 2 1 9 2 1 5 1 1 2 2 1 3 1 3 1 2 1 1 1 7 2 1 1 1 2 2 1 3 1 1
20 8 1 1 1 1 1 1 2 4 1 2 1 12 7 2 2 1 1 1 1 1 3 1 2 1 1 1 10 1 1 2 1 2 3 1 1 1 1
20 8 1 1 1 1 3 2 1 4 1 2 1 9 2 1 5 1 1 2 1 2 3 1 3 1 2 1 1 1 7 2 1 1 1 2 2 1 5
20 8 1 1 1 1 4 4 1 2 1 12 7 2 2 3 1 1 3 1 2 1 1 1 10 1 1 2 1 2 3 1 3
20 8 1 1 1 13 1 1 1 2 1 3 1 1 4 1 3 3 1 1 13 1 2 1 4 6 1 2 3 1 1 1 1
20 8 1 1 1 2 1 10 1 1 1 2 1 3 1 1 4 1 3 3 1 2 12 1 2 1 4 6 1 2 3 1 3
20 8 1 1 1 2 3 4 1 2 1 12 7 2 3 2 1 1 3 1 2 1 1 1 10 1 1 2 1 2 3 2 2
20 8 1 1 1 3 2 4 1 2 1 12 7 2 4 1 1 1 3 1 2 1 1 1 10 1 1 2 1 2 3 3 1
20 8 1 1 2 1 1 10 1 1 1 2 1 3 1 1 4 1 3 6 12 1 2 1 4 6 1 2 7
20 8 1 1 2 1 3 4 1 2 1 12 7 2 1 1 1 2 1 1 3 1 2 1 1 1 10 1 1 2 1 2 4 1 2
20 8 1 1 2 12 1 1 1 2 1 3 1 1 4 1 3 5 13 1 2 1 4 6 1 2 5 1 1
20 8 1 1 2 2 1 4 1 4 1 2 1 7 4 1 3 1 1 2 1 1 6 1 3 1 2 1 1 1 5 4 1 1 1 1 4 1 2
20 8 1 1 2 2 2 4 1 2 1 12 7 2 1 1 2 1 1 1 3 1 2 1 1 1 10 1 1 2 1 2 4 2 1
20 8 1 1 3 1 1 4 1 4 1 2 1 7 4 1 3 1 1 4 6 1 3 1 2 1 1 1 5 4 1 1 1 1 7
20 8 1 1 3 1 2 4 1 2 1 12 7 2 1 2 1 1 1 1 3 1 2 1 1 1 10 1 1 2 1 2 5 1 1
20 8 1 1 6 4 1 2 1 12 7 2 1 4 1 1 3 1 2 1 1 1 10 1 1 2 1 2 7
20 8 1 15 1 1 1 2 1 3 1 1 4 1 3 2 2 1 13 1 2 1 4 6 1 2 2 2 1 1 1
20 8 1 2 1 1 1 10 1 1 1 2 1 3 1 1 4 1 3 2 1 3 12 1 2 1 4 6 1 2 2 1 4
20 8 1 2 1 12 1 1 1 2 1 3 1 1 4 1 3 2 1 2 13 1 2 1 4 6 1 2 2 1 2 1 1
20 8 1 2 1 2 1 4 1 4 1 2 1 7 4 1 3 1 2 1 1 1 6 1 3 1 2 1 1 1 5 4 1 1 1 1 2 1 1 1 2
20 8 1 2 2 1 1 1 1 4 1 2 1 10 1 1 6 1 1 1 1 1 1 1 2 1 3 1 2 1 1 1 8 1 1 1 1 2 1 1 1 1 3 1 1
20 8 1 2 2 1 1 4 1 4 1 2 1 7 4 1 3 1 2 3 6 1 3 1 2 1 1 1 5 4 1 1 1 1 2 1 4
20 8 1 2 4 1 1 4 1 2 1 10 1 1 6 1 1 1 1 3 2 1 3 1 2 1 1 1 8 1 1 1 1 2 1 1 1 1 5
20 8 1 3 1 1 1 2 1 4 1 2 1 9 2 1 5 1 2 1 2 1 3 1 3 1 2 1 1 1 7 2 1 1 1 2 2 2 2 1 1
20 8 1 3 3 2 1 4 1 2 1 9 2 1 5 1 2 1 1 2 3 1 3 1 2 1 1 1 7 2 1 1 1 2 2 2 4
20 8 1 4 1 10 1 1 1 2 1 3 1 1 4 1 3 2 2 2 12 1 2 1 4 6 1 2 2 2 3
20 8 2 1 1 2 1 7 1 1 1 2 1 3 1 3 2 1 4 5 2 1 9 1 2 1 4 1 2 3 1 3 6 1 1
20 8 2 1 2 1 1 1 1 4 1 2 1 10 1 1 6 3 1 1 1 1 2 1 3 1 2 1 1 1 8 1 1 1 1 2 1 1 5 1 1
20 8 2 1 4 1 1 4 1 2 1 10 1 1 6 3 1 3 2 1 3 1 2 1 1 1 8 1 1 1 1 2 1 1 7
20 8 2 2 1 1 1 2 1 4 1 2 1 9 2 1 5 2 1 1 2 1 3 1 3 1 2 1 1 1 7 2 1 1 1 2 3 1 2 1 1
20 8 2 2 3 2 1 4 1 2 1 9 2 1 5 2 1 1 1 2 3 1 3 1 2 1 1 1 7 2 1 1 1 2 3 1 4
20 8 2 3 2 7 1 1 1 2 1 3 1 3 2 1 4 4 2 2 9 1 2 1 4 1 2 3 1 3 4 1 3
20 8 2 4 1 7 1 1 1 2 1 3 1 3 2 1 4 4 3 1 9 1 2 1 4 1 2 3 1 3 4 1 1 1 1
20 8 3 1 1 1 1 2 1 4 1 2 1 9 2 1 5 4 2 1 3 1 3 1 2 1 1 1 7 2 1 1 1 2 6 1 1
20 8 3 1 3 2 1 4 1 2 1 9 2 1 5 4 1 2 3 1 3 1 2 1 1 1 7 2 1 1 1 2 8
20 9 1 1 1 1 2 7 1 1 1 2 1 3 1 3 2 1 4 1 1 3 1 2 9 1 2 1 4 1 2 3 1 3 1 1 6
20 9 1 1 1 2 1 7 1 1 1 2 1 3 1 3 2 1 4 1 1 3 2 1 9 1 2 1 4 1 2 3 1 3 1 1 4 1 1
20 9 1 1 2 1 1 1 1 4 1 2 1 10 1 1 7 2 1 1 1 1 2 1 3 1 2 1 1 1 8 1 1 1 1 2 1 2 4 1 1
20 9 1 1 2 1 1 5 1 1 1 2 1 3 1 6 4 1 2 2 1 2 1 1 7 1 2 1 4 1 4 1 1 3 1 2 5 1 1
20 9 1 1 4 1 1 4 1 2 1 10 1 1 7 2 1 3 2 1 3 1 2 1 1 1 8 1 1 1 1 2 1 2 6
20 9 1 1 4 5 1 1 1 2 1 3 1 6 4 1 2 2 1 4 7 1 2 1 4 1 4 1 1 3 1 2 7
20 9 1 2 1 1 1 2 1 4 1 2 1 9 2 1 6 1 1 1 2 1 3 1 3 1 2 1 1 1 7 2 1 1 1 2 1 1 1 1 2 1 1
20 9 1 2 1 1 1 8 1 1 1 2 1 3 1 2 3 1 4 2 1 2 1 1 10 1 2 1 4 1 1 4 1 3 2 1 4
20 9 1 2 3 2 1 4 1 2 1 9 2 1 6 1 1 1 1 2 3 1 3 1 2 1 1 1 7 2 1 1 1 2 1 1 1 1 4
20 9 1 3 2 7 1 1 1 2 1 3 1 3 2 1 4 1 1 2 2 2 9 1 2 1 4 1 2 3 1 3 1 1 2 1 3
20 9 1 4 1 7 1 1 1 2 1 3 1 3 2 1 4 1 1 2 3 1 9 1 2 1 4 1 2 3 1 3 1 1 2 1 1 1 1
20 9 1 4 1 8 1 1 1 2 1 3 1 2 3 1 4 2 1 1 2 1 10 1 2 1 4 1 1 4 1 3 2 1 1 1 2
20 9 2 1 1 1 1 2 1 4 1 2 1 9 2 1 6 3 2 1 3 1 3 1 2 1 1 1 7 2 1 1 1 2 1 1 4 1 1
20 9 2 1 1 1 1 8 1 1 1 2 1 3 1 2 3 1 4 5 1 1 10 1 2 1 4 1 1 4 1 3 7
20 9 2 1 3 2 1 4 1 2 1 9 2 1 6 3 1 2 3 1 3 1 2 1 1 1 7 2 1 1 1 2 1 1 6
20 9 2 2 2 3 1 4 1 2 1 8 3 1 5 2 1 1 1 1 4 1 3 1 2 1 1 1 6 3 1 1 1 2 3 1 3
20 9 2 3 1 8 1 1 1 2 1 3 1 2 3 1 4 4 2 1 10 1 2 1 4 1 1 4 1 3 4 1 2