23 10 1 10 1 1 1 2 1 3 1 4 1 1 4 1 2 2 12 1 2 1 4 1 3 2 1 3 1 2 3
23 10 2 3 1 4 1 2 1 12 8 1 1 1 4 1 3 1 2 1 1 1 10 1 1 2 1 3 3
23 21 1 1 1 2 1 3 1 4 1 1 4 1 2 1 13 1 2 1 4 1 3 2 1 3 1 2 1 1 1
23 3 1 1 1 1 1 13 1 1 1 2 1 3 1 4 1 1 1 1 1 3 1 1 13 1 2 1 4 1 3 2 2 1 3 1 1 1 1
23 3 1 1 1 1 2 12 1 1 1 2 1 3 1 4 1 1 1 1 1 5 13 1 2 1 4 1 3 2 2 1 5 1 1
23 3 1 1 1 15 1 1 1 2 1 3 1 4 1 1 1 1 1 2 2 1 13 1 2 1 4 1 3 2 2 1 2 2 1 1 1
23 3 1 1 1 2 1 12 1 1 1 2 1 3 1 4 1 1 1 1 1 2 1 2 13 1 2 1 4 1 3 2 2 1 2 1 2 1 1
23 3 1 17 1 1 1 2 1 3 1 4 1 1 1 1 2 1 2 1 13 1 2 1 4 1 3 2 2 2 1 2 1 1 1
23 3 1 3 1 13 1 1 1 2 1 3 1 4 1 1 1 1 2 2 1 1 13 1 2 1 4 1 3 2 2 2 2 1 1 1 1
23 3 1 3 1 2 1 10 1 1 1 2 1 3 1 4 1 1 1 1 2 2 1 2 12 1 2 1 4 1 3 2 2 2 2 1 3
23 3 1 3 1 2 2 3 1 4 1 2 1 12 2 1 3 1 1 1 1 1 4 1 3 1 2 1 1 1 10 1 2 1 1 1 1 1 3
23 3 1 3 2 12 1 1 1 2 1 3 1 4 1 1 1 1 2 4 13 1 2 1 4 1 3 2 2 2 4 1 1
23 3 1 4 1 12 1 1 1 2 1 3 1 4 1 1 1 1 2 1 1 2 13 1 2 1 4 1 3 2 2 2 1 1 2 1 1
23 3 2 1 2 2 2 3 1 4 1 2 1 12 2 2 1 2 1 1 1 1 4 1 3 1 2 1 1 1 10 1 6 1 3
23 3 2 16 1 1 1 2 1 3 1 4 1 1 1 2 1 1 2 1 13 1 2 1 4 1 3 2 3 1 1 2 1 1 1
23 3 2 2 1 13 1 1 1 2 1 3 1 4 1 1 1 2 1 2 1 1 13 1 2 1 4 1 3 2 3 1 2 1 1 1 1
23 3 2 2 1 2 1 10 1 1 1 2 1 3 1 4 1 1 1 2 1 2 1 2 12 1 2 1 4 1 3 2 3 1 2 1 3
23 3 2 2 1 2 2 3 1 4 1 2 1 12 2 2 2 1 1 1 1 1 4 1 3 1 2 1 1 1 10 1 4 1 1 1 3
23 3 2 2 2 12 1 1 1 2 1 3 1 4 1 1 1 2 1 4 13 1 2 1 4 1 3 2 3 1 4 1 1
23 3 2 3 1 12 1 1 1 2 1 3 1 4 1 1 1 2 1 1 1 2 13 1 2 1 4 1 3 2 3 1 1 1 2 1 1
23 3 2 5 1 10 1 1 1 2 1 3 1 4 1 1 1 2 1 1 2 2 12 1 2 1 4 1 3 2 3 1 1 2 3
23 3 3 1 1 13 1 1 1 2 1 3 1 4 1 1 1 5 1 1 13 1 2 1 4 1 3 2 6 1 1 1 1
23 3 3 1 1 2 1 10 1 1 1 2 1 3 1 4 1 1 1 5 1 2 12 1 2 1 4 1 3 2 6 1 3
23 3 3 1 2 12 1 1 1 2 1 3 1 4 1 1 1 7 13 1 2 1 4 1 3 2 8 1 1
23 3 3 15 1 1 1 2 1 3 1 4 1 1 1 4 2 1 13 1 2 1 4 1 3 2 5 2 1 1 1
23 3 3 2 1 12 1 1 1 2 1 3 1 4 1 1 1 4 1 2 13 1 2 1 4 1 3 2 5 1 2 1 1
23 3 3 4 1 10 1 1 1 2 1 3 1 4 1 1 1 4 2 2 12 1 2 1 4 1 3 2 5 2 3
23 4 1 1 1 3 2 3 1 4 1 2 1 12 3 1 1 1 2 1 1 1 4 1 3 1 2 1 1 1 10 1 1 1 3 2 3
23 4 1 1 2 2 2 3 1 4 1 2 1 12 3 1 1 2 1 1 1 1 4 1 3 1 2 1 1 1 10 1 1 1 4 1 3
23 4 1 16 1 1 1 2 1 3 1 4 1 1 2 1 1 1 2 1 13 1 2 1 4 1 3 2 1 1 1 1 1 2 1 1 1
23 4 1 2 1 1 1 1 1 4 1 4 1 2 1 10 1 1 2 1 2 1 1 2 6 1 3 1 2 1 1 1 8 1 1 1 2 1 2 1 3
23 4 1 2 1 13 1 1 1 2 1 3 1 4 1 1 2 1 1 2 1 1 13 1 2 1 4 1 3 2 1 1 1 1 2 1 1 1 1
23 4 1 2 1 2 1 10 1 1 1 2 1 3 1 4 1 1 2 1 1 2 1 2 12 1 2 1 4 1 3 2 1 1 1 1 2 1 3
23 4 1 2 1 2 2 3 1 4 1 2 1 12 3 1 2 1 1 1 1 1 4 1 3 1 2 1 1 1 10 1 1 1 2 1 1 1 3
23 4 1 2 2 12 1 1 1 2 1 3 1 4 1 1 2 1 1 4 13 1 2 1 4 1 3 2 1 1 1 1 4 1 1
23 4 1 2 2 2 1 4 1 4 1 2 1 10 1 1 2 1 2 2 1 1 6 1 3 1 2 1 1 1 8 1 1 1 2 1 3 1 2
23 4 1 3 1 1 1 10 1 1 1 2 1 3 1 4 1 1 2 1 1 1 1 3 12 1 2 1 4 1 3 2 1 1 1 1 1 1 4
23 4 1 3 1 12 1 1 1 2 1 3 1 4 1 1 2 1 1 1 1 2 13 1 2 1 4 1 3 2 1 1 1 1 1 1 2 1 1
23 4 1 3 2 1 1 4 1 4 1 2 1 10 1 1 2 1 3 3 6 1 3 1 2 1 1 1 8 1 1 1 2 1 1 1 4
23 4 1 4 1 1 1 4 1 4 1 2 1 10 1 1 2 1 4 2 6 1 3 1 2 1 1 1 8 1 1 1 2 1 1 2 3
23 4 1 5 1 10 1 1 1 2 1 3 1 4 1 1 2 1 1 1 2 2 12 1 2 1 4 1 3 2 1 1 1 1 1 2 3
23 4 1 5 2 3 1 4 1 2 1 12 3 1 4 1 1 1 4 1 3 1 2 1 1 1 10 1 1 1 2 3 3
23 4 2 1 1 13 1 1 1 2 1 3 1 4 1 1 2 4 1 1 13 1 2 1 4 1 3 2 1 1 4 1 1 1 1
23 4 2 1 1 2 1 10 1 1 1 2 1 3 1 4 1 1 2 4 1 2 12 1 2 1 4 1 3 2 1 1 4 1 3
23 4 2 1 2 12 1 1 1 2 1 3 1 4 1 1 2 6 13 1 2 1 4 1 3 2 1 1 6 1 1
23 4 2 15 1 1 1 2 1 3 1 4 1 1 2 3 2 1 13 1 2 1 4 1 3 2 1 1 3 2 1 1 1
23 4 2 2 1 1 1 10 1 1 1 2 1 3 1 4 1 1 2 3 1 3 12 1 2 1 4 1 3 2 1 1 3 1 4
23 4 2 2 1 12 1 1 1 2 1 3 1 4 1 1 2 3 1 2 13 1 2 1 4 1 3 2 1 1 3 1 2 1 1
23 4 2 4 1 10 1 1 1 2 1 3 1 4 1 1 2 3 2 2 12 1 2 1 4 1 3 2 1 1 3 2 3
23 5 1 1 1 13 1 1 1 2 1 3 1 4 1 1 3 3 1 1 13 1 2 1 4 1 3 2 1 2 3 1 1 1 1
23 5 1 1 1 2 1 10 1 1 1 2 1 3 1 4 1 1 3 3 1 2 12 1 2 1 4 1 3 2 1 2 3 1 3
23 5 1 1 2 12 1 1 1 2 1 3 1 4 1 1 3 5 13 1 2 1 4 1 3 2 1 2 5 1 1
23 5 1 15 1 1 1 2 1 3 1 4 1 1 3 2 2 1 13 1 2 1 4 1 3 2 1 2 2 2 1 1 1
23 5 1 2 1 1 1 10 1 1 1 2 1 3 1 4 1 1 3 2 1 3 12 1 2 1 4 1 3 2 1 2 2 1 4
23 5 1 2 1 12 1 1 1 2 1 3 1 4 1 1 3 2 1 2 13 1 2 1 4 1 3 2 1 2 2 1 2 1 1
23 5 1 4 1 10 1 1 1 2 1 3 1 4 1 1 3 2 2 2 12 1 2 1 4 1 3 2 1 2 2 2 3
23 6 1 1 1 1 2 3 1 4 1 2 1 12 5 1 1 2 1 1 4 1 3 1 2 1 1 1 10 1 1 2 2 1 4
23 6 1 2 1 1 1 8 1 1 1 2 1 3 1 6 4 2 1 2 1 1 10 1 2 1 4 1 4 1 1 3 2 1 4
23 6 1 3 2 3 1 4 1 2 1 12 5 1 2 1 1 1 4 1 3 1 2 1 1 1 10 1 1 2 2 2 3
23 6 2 2 2 3 1 4 1 2 1 12 5 2 1 1 1 1 4 1 3 1 2 1 1 1 10 1 1 2 3 1 3
23 7 1 1 1 1 1 4 1 4 1 2 1 10 1 1 5 1 1 2 6 1 3 1 2 1 1 1 8 1 1 1 1 2 2 1 3
23 7 1 13 1 1 1 2 1 3 1 4 1 1 4 2 1 1 13 1 2 1 4 1 3 2 1 3 2 1 1 1 1
23 7 1 2 1 10 1 1 1 2 1 3 1 4 1 1 4 2 1 2 12 1 2 1 4 1 3 2 1 3 2 1 3
23 7 1 2 2 3 1 4 1 2 1 12 6 1 1 1 1 1 4 1 3 1 2 1 1 1 10 1 1 2 1 1 1 1 3
23 7 1 3 1 4 1 4 1 2 1 10 1 1 5 1 2 1 6 1 3 1 2 1 1 1 8 1 1 1 1 2 2 2 2
23 7 2 1 1 10 1 1 1 2 1 3 1 4 1 1 4 5 12 1 2 1 4 1 3 2 1 3 6
23 7 2 1 2 3 1 4 1 2 1 12 6 3 1 1 4 1 3 1 2 1 1 1 10 1 1 2 1 1 5
23 7 2 12 1 1 1 2 1 3 1 4 1 1 4 4 13 1 2 1 4 1 3 2 1 3 4 1 1
23 7 2 2 1 4 1 4 1 2 1 10 1 1 5 2 1 1 6 1 3 1 2 1 1 1 8 1 1 1 1 2 3 1 2
23 7 3 1 1 4 1 4 1 2 1 10 1 1 5 4 6 1 3 1 2 1 1 1 8 1 1 1 1 2 6
23 8 1 1 1 10 1 1 1 2 1 3 1 4 1 1 4 1 1 3 12 1 2 1 4 1 3 2 1 3 1 1 4
23 8 1 1 2 3 1 4 1 2 1 12 7 2 1 1 4 1 3 1 2 1 1 1 10 1 1 2 1 2 4
23 8 1 12 1 1 1 2 1 3 1 4 1 1 4 1 1 2 13 1 2 1 4 1 3 2 1 3 1 1 2 1 1
23 8 2 1 1 4 1 4 1 2 1 10 1 1 6 3 6 1 3 1 2 1 1 1 8 1 1 1 1 2 1 1 4
23 9 1 1 1 4 1 4 1 2 1 10 1 1 7 2 6 1 3 1 2 1 1 1 8 1 1 1 1 2 1 2 3