19 1 1 1 1 3 2 2 1 1 1 1 1 4 1 4 1 11 1 1 1 1 1 2 2 1 1 1 11 1 4 1 4 1 1 1 1 1 1 1 2 1 2 1 1 1 1
19 1 1 1 2 2 2 2 1 1 1 1 1 4 1 4 1 11 1 3 1 2 2 1 1 1 11 1 4 1 4 1 1 1 3 1 2 1 2 1 1 1 1
19 1 1 10 2 1 1 1 1 4 1 2 1 9 1 2 8 1 1 1 1 1 2 1 3 1 2 1 1 1 7 1 2 1 1 2 1 3 3 1 1
19 1 1 2 1 1 1 2 1 1 1 1 1 1 1 4 1 4 1 11 2 3 2 1 1 1 1 1 11 1 4 1 4 1 1 2 3 2 3 1 1 1 1
19 1 1 2 1 1 1 2 1 3 1 1 1 4 1 4 1 11 2 3 2 1 3 1 11 1 4 1 4 1 1 2 3 2 2 2 1 1 1
19 1 1 2 1 1 2 2 1 2 1 1 1 2 1 4 1 2 1 8 1 1 1 2 1 2 2 1 1 1 2 1 3 1 3 1 2 1 1 1 6 1 1 1 6 1 1 1 2 1 1
19 1 1 2 1 2 1 2 1 2 1 1 1 2 1 4 1 2 1 8 1 1 1 2 2 1 2 1 1 1 2 1 3 1 3 1 2 1 1 1 6 1 1 1 3 1 2 1 1 1 2 1 1
19 1 1 2 1 2 2 2 1 1 1 1 1 4 1 4 1 11 2 2 1 2 2 1 1 1 11 1 4 1 4 1 1 2 2 1 2 1 2 1 1 1 1
19 1 1 3 2 2 1 2 1 2 1 7 1 1 1 2 1 3 1 2 1 1 1 1 1 2 1 2 1 2 2 1 9 1 2 1 4 1 1 1 1 2 3 1 2 1 3 1 1
19 1 1 3 2 3 1 4 1 7 1 1 1 2 1 3 1 2 1 1 1 1 1 2 1 1 1 2 3 1 9 1 2 1 4 1 1 1 1 2 3 1 1 1 2 1 1 1 1
19 1 1 3 2 5 1 2 1 7 1 1 1 2 1 3 1 2 1 1 1 1 1 2 1 1 2 2 2 1 9 1 2 1 4 1 1 1 1 2 3 1 1 2 3 1 1
19 1 1 3 2 8 1 7 1 1 1 2 1 3 1 2 1 1 1 1 1 2 1 1 2 1 3 1 9 1 2 1 4 1 1 1 1 2 3 1 1 2 1 1 1 1 1
19 1 1 3 3 1 1 2 1 2 1 7 1 1 1 2 1 3 1 2 1 1 1 1 1 5 1 2 2 1 9 1 2 1 4 1 1 1 1 2 6 1 3 1 1
19 1 1 3 3 1 1 5 1 7 1 1 1 2 1 3 1 2 1 1 1 1 1 5 1 1 3 1 9 1 2 1 4 1 1 1 1 2 6 1 1 1 1 1 1
19 1 1 3 3 2 1 4 1 7 1 1 1 2 1 3 1 2 1 1 1 1 1 4 1 2 3 1 9 1 2 1 4 1 1 1 1 2 5 1 2 1 1 1 1
19 1 1 3 3 4 1 2 1 7 1 1 1 2 1 3 1 2 1 1 1 1 1 4 2 2 2 1 9 1 2 1 4 1 1 1 1 2 5 2 3 1 1
19 1 1 3 3 7 1 7 1 1 1 2 1 3 1 2 1 1 1 1 1 4 2 1 3 1 9 1 2 1 4 1 1 1 1 2 5 2 1 1 1 1 1
19 1 1 4 1 1 1 3 2 1 1 1 1 4 1 2 1 9 1 2 3 1 1 1 2 1 1 1 1 1 2 1 3 1 2 1 1 1 7 1 2 1 1 1 3 2 3 1 1
19 1 1 4 1 2 1 5 1 7 1 1 1 2 1 3 1 2 1 1 1 1 2 1 1 2 1 1 3 1 9 1 2 1 4 1 1 1 1 2 1 1 1 1 2 1 1 1 1 1 1
19 1 1 4 1 2 2 4 1 7 1 1 1 2 1 3 1 2 1 1 1 1 2 1 1 4 3 1 9 1 2 1 4 1 1 1 1 2 1 1 1 1 4 1 1 1 1
19 1 1 4 1 3 1 1 1 2 1 7 1 1 1 2 1 3 1 2 1 1 1 1 2 1 1 1 1 3 2 1 9 1 2 1 4 1 1 1 1 2 1 1 1 1 1 1 4 1 1
19 1 1 4 1 3 1 4 1 7 1 1 1 2 1 3 1 2 1 1 1 1 2 1 1 1 1 2 3 1 9 1 2 1 4 1 1 1 1 2 1 1 1 1 1 1 2 1 1 1 1
19 1 1 4 1 5 1 2 1 7 1 1 1 2 1 3 1 2 1 1 1 1 2 1 1 1 2 2 2 1 9 1 2 1 4 1 1 1 1 2 1 1 1 1 1 2 3 1 1
19 1 1 4 1 5 2 1 1 1 1 4 1 2 1 9 1 2 3 1 4 1 1 1 1 1 2 1 3 1 2 1 1 1 7 1 2 1 1 1 2 3 3 1 1
19 1 1 4 1 8 1 7 1 1 1 2 1 3 1 2 1 1 1 1 2 1 1 1 2 1 3 1 9 1 2 1 4 1 1 1 1 2 1 1 1 1 1 2 1 1 1 1 1
19 1 1 4 2 1 1 5 1 7 1 1 1 2 1 3 1 2 1 1 1 1 2 4 1 1 3 1 9 1 2 1 4 1 1 1 1 2 1 1 4 1 1 1 1 1 1
19 1 1 4 2 1 2 4 1 7 1 1 1 2 1 3 1 2 1 1 1 1 2 6 3 1 9 1 2 1 4 1 1 1 1 2 1 1 6 1 1 1 1
19 1 1 4 2 2 1 1 1 2 1 7 1 1 1 2 1 3 1 2 1 1 1 1 2 3 1 3 2 1 9 1 2 1 4 1 1 1 1 2 1 1 3 1 4 1 1
19 1 1 4 2 2 1 4 1 7 1 1 1 2 1 3 1 2 1 1 1 1 2 3 1 2 3 1 9 1 2 1 4 1 1 1 1 2 1 1 3 1 2 1 1 1 1
19 1 1 4 2 4 1 2 1 7 1 1 1 2 1 3 1 2 1 1 1 1 2 3 2 2 2 1 9 1 2 1 4 1 1 1 1 2 1 1 3 2 3 1 1
19 1 1 4 2 7 1 7 1 1 1 2 1 3 1 2 1 1 1 1 2 3 2 1 3 1 9 1 2 1 4 1 1 1 1 2 1 1 3 2 1 1 1 1 1
19 1 1 4 3 2 1 1 1 1 1 4 1 4 1 11 3 4 2 1 1 1 11 1 4 1 4 1 1 3 4 1 2 1 1 1 1
19 1 1 5 2 2 1 1 1 1 1 4 1 4 1 11 3 1 1 2 2 1 1 1 11 1 4 1 4 1 1 3 1 1 2 1 2 1 1 1 1
19 1 1 6 1 3 2 1 1 1 1 4 1 2 1 9 1 2 5 1 2 1 1 1 1 1 2 1 3 1 2 1 1 1 7 1 2 1 1 2 2 2 3 1 1
19 1 1 7 1 1 3 1 1 4 1 4 1 11 3 1 3 1 1 3 11 1 4 1 4 1 1 3 1 3 5 1 1
19 1 1 7 1 2 2 1 1 4 1 4 1 11 3 1 3 1 2 2 11 1 4 1 4 1 1 3 1 3 2 1 2 1 1
19 1 1 9 3 1 1 4 1 4 1 11 3 1 5 3 11 1 4 1 4 1 1 3 1 4 4 1 1
19 1 2 1 1 1 2 1 2 2 1 1 1 2 1 4 1 2 1 8 1 4 1 2 1 2 1 1 2 1 3 1 3 1 2 1 1 1 6 1 10 1 2 1 1
19 1 2 1 1 2 1 1 2 2 1 1 1 2 1 4 1 2 1 8 1 4 2 1 1 2 1 1 2 1 3 1 3 1 2 1 1 1 6 1 5 1 4 1 2 1 1
19 1 2 1 1 2 1 2 1 2 1 1 1 2 1 4 1 2 1 8 1 4 2 1 2 1 1 1 2 1 3 1 3 1 2 1 1 1 6 1 5 1 2 1 1 1 2 1 1
19 1 2 1 1 2 3 1 1 1 1 1 1 4 1 4 1 12 1 2 1 3 1 1 1 1 11 1 4 1 4 1 2 1 2 1 5 1 1 1 1
19 1 2 3 2 1 1 1 3 1 1 4 1 4 1 12 2 3 1 1 1 3 11 1 4 1 4 1 2 2 3 1 5 1 1
19 1 2 3 2 3 1 1 1 1 1 4 1 4 1 12 2 3 3 1 1 1 11 1 4 1 4 1 2 2 3 2 2 1 1 1 1
19 1 2 3 3 2 1 1 1 1 1 4 1 4 1 12 2 4 2 1 1 1 11 1 4 1 4 1 2 2 4 1 2 1 1 1 1
19 1 2 3 4 1 1 1 1 1 1 4 1 4 1 12 2 5 1 1 1 1 11 1 4 1 4 1 2 2 7 1 1 1 1
19 1 2 3 4 1 3 1 1 4 1 4 1 12 2 5 1 3 11 1 4 1 4 1 2 2 9 1 1
19 1 2 4 1 1 1 1 3 1 1 4 1 4 1 12 2 1 1 1 1 1 1 3 11 1 4 1 4 1 2 2 1 1 1 1 5 1 1
19 1 2 4 1 3 1 1 1 1 1 4 1 4 1 12 2 1 1 1 3 1 1 1 11 1 4 1 4 1 2 2 1 1 1 2 2 1 1 1 1
19 1 2 4 2 2 1 1 1 1 1 4 1 4 1 12 2 1 1 2 2 1 1 1 11 1 4 1 4 1 2 2 1 1 2 1 2 1 1 1 1
19 1 2 4 3 1 1 1 1 1 1 4 1 4 1 12 2 1 1 3 1 1 1 1 11 1 4 1 4 1 2 2 1 1 5 1 1 1 1
19 1 2 4 3 1 3 1 1 4 1 4 1 12 2 1 1 3 1 3 11 1 4 1 4 1 2 2 1 1 7 1 1
19 1 3 2 3 2 1 1 1 1 1 4 1 4 1 13 1 4 2 1 1 1 11 1 4 1 4 1 3 1 4 1 2 1 1 1 1
19 1 3 2 3 2 3 1 1 4 1 4 1 13 1 4 2 3 11 1 4 1 4 1 3 1 4 1 4 1 1
19 1 3 2 4 1 3 1 1 4 1 4 1 13 1 5 1 3 11 1 4 1 4 1 3 1 9 1 1
19 1 3 3 2 2 1 1 1 1 1 4 1 4 1 13 1 1 1 2 2 1 1 1 11 1 4 1 4 1 3 1 1 1 2 1 2 1 1 1 1
19 1 3 3 2 2 3 1 1 4 1 4 1 13 1 1 1 2 2 3 11 1 4 1 4 1 3 1 1 1 2 1 4 1 1
19 1 3 3 2 3 1 2 1 4 1 4 1 13 1 1 1 2 3 1 12 1 4 1 4 1 3 1 1 1 2 1 1 1 1 2 1
19 1 3 3 3 1 1 1 1 1 1 4 1 4 1 13 1 1 1 3 1 1 1 1 11 1 4 1 4 1 3 1 1 1 5 1 1 1 1
19 1 3 3 3 1 3 1 1 4 1 4 1 13 1 1 1 3 1 3 11 1 4 1 4 1 3 1 1 1 7 1 1
19 1 3 3 3 2 2 1 1 4 1 4 1 13 1 1 1 3 2 2 11 1 4 1 4 1 3 1 1 1 4 1 2 1 1
19 1 4 1 1 1 1 3 2 1 1 4 1 4 1 16 1 1 3 2 11 1 4 1 4 1 6 1 1 1 1 1 2 1 1
19 1 4 1 1 1 1 4 1 1 1 4 1 4 1 16 1 1 4 1 11 1 4 1 4 1 6 1 1 1 1 2 1 1 1
19 1 4 1 2 1 1 2 2 1 1 4 1 4 1 17 1 1 2 2 11 1 4 1 4 1 7 1 2 1 2 1 1
19 1 4 2 2 2 1 1 1 1 1 4 1 4 1 15 1 2 2 1 1 1 11 1 4 1 4 1 5 1 2 1 2 1 1 1 1
19 1 4 2 2 3 1 2 1 4 1 4 1 15 1 2 3 1 12 1 4 1 4 1 5 1 2 1 1 1 1 2 1
19 1 4 2 3 1 1 1 1 1 1 4 1 4 1 15 1 3 1 1 1 1 11 1 4 1 4 1 5 1 5 1 1 1 1
19 1 4 2 3 1 3 1 1 4 1 4 1 15 1 3 1 3 11 1 4 1 4 1 5 1 7 1 1
19 1 4 2 3 2 2 1 1 4 1 4 1 15 1 3 2 2 11 1 4 1 4 1 5 1 4 1 2 1 1
19 10 1 4 1 8 1 1 1 2 1 3 1 1 4 1 4 2 1 1 2 1 10 1 2 1 4 6 1 3 2 1 1 1 2
19 10 2 3 1 8 1 1 1 2 1 3 1 1 4 1 4 4 2 1 10 1 2 1 4 6 1 3 4 1 2
19 11 1 1 1 1 1 4 1 4 1 2 1 6 5 1 5 1 1 2 6 1 3 1 2 1 1 1 4 5 1 1 1 2 2 1 3
19 11 1 1 1 1 2 4 1 2 1 10 1 1 8 1 2 1 1 1 1 1 3 1 2 1 1 1 8 1 1 1 1 2 1 3 2 1 1 1 1
19 11 1 1 3 4 1 4 1 10 4 1 5 1 1 2 10 1 4 1 4 5 1 4 2 1 3
19 11 1 1 4 4 1 2 1 10 1 1 8 1 2 3 1 1 3 1 2 1 1 1 8 1 1 1 1 2 1 3 2 1 3
19 11 1 2 2 4 1 1 1 2 1 3 1 6 4 1 2 1 2 1 2 2 6 1 2 1 4 1 4 1 1 3 1 2 1 1 2 2 2
19 11 1 2 2 4 1 4 1 10 4 1 5 1 2 1 10 1 4 1 4 5 1 4 2 2 2
19 11 1 2 3 4 1 2 1 10 1 1 8 1 3 2 1 1 3 1 2 1 1 1 8 1 1 1 1 2 1 3 2 2 2
19 11 1 3 1 4 1 1 1 2 1 3 1 6 4 1 2 1 2 1 3 1 6 1 2 1 4 1 4 1 1 3 1 2 1 1 2 3 1
19 11 1 3 1 4 1 4 1 10 4 1 5 1 13 1 4 1 4 5 1 4 2 3 1
19 11 1 3 1 4 1 4 1 2 1 6 5 1 5 1 2 1 6 1 3 1 2 1 1 1 4 5 1 1 1 2 2 2 2
19 11 1 3 1 8 1 1 1 2 1 3 1 1 4 1 4 1 1 2 2 1 10 1 2 1 4 6 1 3 1 1 2 1 2
19 11 1 3 2 4 1 2 1 10 1 1 8 1 4 1 1 1 3 1 2 1 1 1 8 1 1 1 1 2 1 3 2 3 1
19 11 2 1 2 4 1 1 1 2 1 3 1 6 4 1 2 1 2 2 1 2 6 1 2 1 4 1 4 1 1 3 1 2 1 1 3 1 2
19 11 2 1 3 4 1 2 1 10 1 1 8 1 1 1 1 2 1 1 3 1 2 1 1 1 8 1 1 1 1 2 1 3 3 1 2
19 11 2 2 1 4 1 1 1 2 1 3 1 6 4 1 2 1 2 2 2 1 6 1 2 1 4 1 4 1 1 3 1 2 1 1 3 2 1
19 11 2 2 1 4 1 4 1 10 4 1 5 2 12 1 4 1 4 5 1 4 3 2 1
19 11 2 2 1 4 1 4 1 2 1 6 5 1 5 2 1 1 6 1 3 1 2 1 1 1 4 5 1 1 1 2 3 1 2
19 11 2 2 2 4 1 2 1 10 1 1 8 1 1 1 2 1 1 1 3 1 2 1 1 1 8 1 1 1 1 2 1 3 3 2 1
19 11 3 1 1 4 1 4 1 2 1 6 5 1 5 4 6 1 3 1 2 1 1 1 4 5 1 1 1 2 6
19 11 3 1 2 4 1 2 1 10 1 1 8 1 1 2 1 1 1 1 3 1 2 1 1 1 8 1 1 1 1 2 1 3 4 1 1
19 11 6 4 1 2 1 10 1 1 8 1 1 4 1 1 3 1 2 1 1 1 8 1 1 1 1 2 1 3 6
19 12 1 1 2 4 1 1 1 2 1 3 1 6 4 1 2 1 3 1 1 2 6 1 2 1 4 1 4 1 1 3 1 2 1 1 1 1 1 1 2
19 12 1 2 1 4 1 1 1 2 1 3 1 6 4 1 2 1 3 1 2 1 6 1 2 1 4 1 4 1 1 3 1 2 1 1 1 1 1 2 1
19 12 1 2 1 4 1 4 1 2 1 6 5 1 6 1 1 1 6 1 3 1 2 1 1 1 4 5 1 1 1 2 1 1 1 1 2
19 15 1 4 1 4 1 2 1 6 5 1 8 1 6 1 3 1 2 1 1 1 4 5 1 1 1 2 1 3 2
19 15 1 8 1 1 1 2 1 3 1 1 4 1 4 1 2 1 2 1 10 1 2 1 4 6 1 3 1 2 1 1 2
19 2 1 1 1 1 1 2 1 1 1 1 1 1 1 4 1 1 1 2 1 3 1 6 1 1 1 3 1 2 1 1 1 1 1 1 6 1 2 1 4 1 4 1 2 1 3 1 4 1 1 1 1
19 2 1 1 1 1 1 2 1 1 1 3 1 4 1 4 1 10 1 1 1 3 2 1 1 1 13 1 4 1 4 2 1 1 3 2 3 3 1
19 2 1 1 1 1 1 2 1 1 3 1 1 4 1 1 1 2 1 3 1 6 1 1 1 3 1 2 1 3 1 1 6 1 2 1 4 1 4 1 2 1 3 1 6 1 1
19 2 1 1 1 1 1 2 1 2 1 2 1 4 1 1 1 2 1 3 1 6 1 1 1 3 1 2 2 1 2 1 6 1 2 1 4 1 4 1 2 1 3 1 3 1 1 2 1
19 2 1 1 1 1 1 2 1 5 1 4 1 1 1 2 1 3 1 6 1 1 1 3 1 2 5 1 6 1 2 1 4 1 4 1 2 1 3 1 3 4 1
19 2 1 1 1 1 1 2 1 5 1 4 1 4 1 10 1 1 1 3 2 1 15 1 4 1 4 2 1 1 3 2 2 4 1
19 2 1 1 1 1 1 4 1 1 1 1 1 4 1 1 1 2 1 3 1 6 1 1 1 3 1 1 2 1 1 1 1 1 6 1 2 1 4 1 4 1 2 1 3 1 1 1 2 1 1 1 1
19 2 1 1 1 1 1 4 1 3 1 4 1 1 1 2 1 3 1 6 1 1 1 3 1 1 2 1 3 1 6 1 2 1 4 1 4 1 2 1 3 1 1 1 2 3 1
19 2 1 1 1 1 1 4 2 2 1 4 1 1 1 2 1 3 1 6 1 1 1 3 1 1 2 2 2 1 6 1 2 1 4 1 4 1 2 1 3 1 1 1 3 2 1
19 2 1 1 1 1 1 5 2 1 1 4 1 1 1 2 1 3 1 6 1 1 1 3 1 1 3 2 1 1 6 1 2 1 4 1 4 1 2 1 3 1 1 1 1 1 2 1 1
19 2 1 1 1 1 2 1 1 1 1 1 1 1 1 4 1 1 1 2 1 3 1 6 1 1 1 6 1 1 1 1 1 1 6 1 2 1 4 1 4 1 2 1 8 1 1 1 1
19 2 1 1 1 1 2 1 1 1 3 1 1 4 1 1 1 2 1 3 1 6 1 1 1 6 1 3 1 1 6 1 2 1 4 1 4 1 2 1 10 1 1
19 2 1 1 1 1 2 1 1 2 1 2 1 4 1 1 1 2 1 3 1 6 1 1 1 6 2 1 2 1 6 1 2 1 4 1 4 1 2 1 7 1 1 2 1
19 2 1 1 1 1 2 1 1 5 1 4 1 1 1 2 1 3 1 6 1 1 1 6 5 1 6 1 2 1 4 1 4 1 2 1 7 4 1
19 2 1 1 1 1 2 3 1 1 1 1 1 4 1 1 1 2 1 3 1 6 1 1 1 5 2 1 1 1 1 1 6 1 2 1 4 1 4 1 2 1 5 1 2 1 1 1 1
19 2 1 1 1 1 2 3 1 3 1 4 1 1 1 2 1 3 1 6 1 1 1 5 2 1 3 1 6 1 2 1 4 1 4 1 2 1 5 1 2 3 1
19 2 1 1 1 1 2 3 2 2 1 4 1 1 1 2 1 3 1 6 1 1 1 5 2 2 2 1 6 1 2 1 4 1 4 1 2 1 5 1 3 2 1
19 2 1 1 1 1 2 4 1 1 2 4 1 1 1 2 1 3 1 6 1 1 1 5 3 1 1 2 6 1 2 1 4 1 4 1 2 1 5 1 1 1 1 1 2
19 2 1 1 1 1 2 4 1 2 1 4 1 1 1 2 1 3 1 6 1 1 1 5 3 1 2 1 6 1 2 1 4 1 4 1 2 1 5 1 1 1 1 2 1
19 2 1 1 1 1 2 4 2 1 1 4 1 1 1 2 1 3 1 6 1 1 1 5 3 2 1 1 6 1 2 1 4 1 4 1 2 1 5 1 1 1 2 1 1
19 2 1 1 1 1 2 5 1 1 1 4 1 1 1 2 1 3 1 6 1 1 1 5 4 1 1 1 6 1 2 1 4 1 4 1 2 1 5 1 1 2 1 1 1
19 2 1 1 1 10 1 4 1 1 1 2 1 3 1 6 1 1 1 2 2 1 6 1 6 1 2 1 4 1 4 1 2 1 2 2 1 1 1 4 1
19 2 1 1 1 2 1 1 1 1 1 1 1 1 1 4 1 1 1 2 1 3 1 6 1 1 1 2 1 3 1 1 1 1 1 1 6 1 2 1 4 1 4 1 2 1 2 1 5 1 1 1 1
19 2 1 1 1 2 1 1 1 1 1 1 1 1 1 4 1 4 1 10 1 1 1 2 1 1 1 1 1 1 1 1 11 1 4 1 4 2 1 1 2 1 1 1 3 1 1 1 1
19 2 1 1 1 2 1 1 1 1 1 1 1 1 2 4 1 2 1 10 1 2 1 1 2 1 1 2 2 1 1 1 1 1 3 1 2 1 1 1 8 1 4 1 2 1 3 1 1 1 1
19 2 1 1 1 2 1 1 1 1 1 3 1 4 1 1 1 2 1 3 1 6 1 1 1 2 1 3 1 1 3 1 6 1 2 1 4 1 4 1 2 1 2 1 5 3 1
19 2 1 1 1 2 1 1 1 1 1 3 2 4 1 2 1 10 1 2 1 1 2 1 1 2 4 1 1 1 3 1 2 1 1 1 8 1 4 1 2 1 3 3 1
19 2 1 1 1 2 1 1 1 1 2 2 1 4 1 1 1 2 1 3 1 6 1 1 1 2 1 3 1 2 2 1 6 1 2 1 4 1 4 1 2 1 2 1 6 2 1
19 2 1 1 1 2 1 1 1 1 2 2 2 4 1 2 1 10 1 2 1 1 2 1 1 2 1 1 2 1 1 1 3 1 2 1 1 1 8 1 4 1 2 1 4 2 1
19 2 1 1 1 2 1 1 1 1 3 1 1 4 1 1 1 2 1 3 1 6 1 1 1 2 1 3 1 3 1 1 6 1 2 1 4 1 4 1 2 1 2 1 7 1 1
19 2 1 1 1 2 1 1 1 1 3 1 2 4 1 2 1 10 1 2 1 1 2 1 1 2 1 2 1 1 1 1 3 1 2 1 1 1 8 1 4 1 2 1 5 1 1
19 2 1 1 1 2 1 1 1 2 1 2 1 4 1 1 1 2 1 3 1 6 1 1 1 2 1 3 2 1 2 1 6 1 2 1 4 1 4 1 2 1 2 1 4 1 1 2 1
19 2 1 1 1 2 1 1 1 2 2 1 1 4 1 1 1 2 1 3 1 6 1 1 1 2 1 3 2 2 1 1 6 1 2 1 4 1 4 1 2 1 2 1 4 1 2 1 1
19 2 1 1 1 2 1 1 1 3 1 1 1 4 1 1 1 2 1 3 1 6 1 1 1 2 1 3 3 1 1 1 6 1 2 1 4 1 4 1 2 1 2 1 4 2 1 1 1
19 2 1 1 1 2 1 1 1 5 1 4 1 1 1 2 1 3 1 6 1 1 1 2 1 3 5 1 6 1 2 1 4 1 4 1 2 1 2 1 4 4 1
19 2 1 1 1 2 1 3 1 1 1 1 1 4 1 1 1 2 1 3 1 6 1 1 1 2 1 2 2 1 1 1 1 1 6 1 2 1 4 1 4 1 2 1 2 1 2 1 2 1 1 1 1
19 2 1 1 1 2 1 3 1 1 1 1 2 4 1 2 1 10 1 2 1 1 2 1 2 1 2 1 1 1 1 1 3 1 2 1 1 1 8 1 4 1 2 2 2 1 1 1 1
19 2 1 1 1 2 1 3 1 3 1 4 1 1 1 2 1 3 1 6 1 1 1 2 1 2 2 1 3 1 6 1 2 1 4 1 4 1 2 1 2 1 2 1 2 3 1
19 2 1 1 1 2 1 3 1 3 2 4 1 2 1 10 1 2 1 1 2 1 2 1 4 1 1 1 3 1 2 1 1 1 8 1 4 1 2 2 2 3 1
19 2 1 1 1 2 1 3 2 2 1 4 1 1 1 2 1 3 1 6 1 1 1 2 1 2 2 2 2 1 6 1 2 1 4 1 4 1 2 1 2 1 2 1 3 2 1
19 2 1 1 1 2 1 3 2 2 2 4 1 2 1 10 1 2 1 1 2 1 2 1 1 1 2 1 1 1 3 1 2 1 1 1 8 1 4 1 2 2 3 2 1
19 2 1 1 1 2 1 3 3 1 1 4 1 1 1 2 1 3 1 6 1 1 1 2 1 2 2 3 1 1 6 1 2 1 4 1 4 1 2 1 2 1 2 1 4 1 1
19 2 1 1 1 2 1 3 3 1 2 4 1 2 1 10 1 2 1 1 2 1 2 1 1 2 1 1 1 1 3 1 2 1 1 1 8 1 4 1 2 2 4 1 1
19 2 1 1 1 2 1 4 1 1 2 4 1 1 1 2 1 3 1 6 1 1 1 2 1 2 3 1 1 2 6 1 2 1 4 1 4 1 2 1 2 1 2 1 1 1 1 1 2
19 2 1 1 1 2 1 4 1 2 1 4 1 1 1 2 1 3 1 6 1 1 1 2 1 2 3 1 2 1 6 1 2 1 4 1 4 1 2 1 2 1 2 1 1 1 1 2 1
19 2 1 1 1 2 1 4 2 1 1 4 1 1 1 2 1 3 1 6 1 1 1 2 1 2 3 2 1 1 6 1 2 1 4 1 4 1 2 1 2 1 2 1 1 1 2 1 1
19 2 1 1 1 2 1 5 1 1 1 4 1 1 1 2 1 3 1 6 1 1 1 2 1 2 4 1 1 1 6 1 2 1 4 1 4 1 2 1 2 1 2 1 1 2 1 1 1
19 2 1 1 1 2 1 7 1 4 1 1 1 2 1 3 1 6 1 1 1 2 1 2 6 1 6 1 2 1 4 1 4 1 2 1 2 1 2 1 1 4 1
19 2 1 1 1 2 2 2 1 1 1 1 2 4 1 2 1 10 1 2 1 1 2 2 1 1 2 1 1 1 1 1 3 1 2 1 1 1 8 1 4 1 3 1 2 1 1 1 1
19 2 1 1 1 2 2 2 1 3 2 4 1 2 1 10 1 2 1 1 2 2 1 1 4 1 1 1 3 1 2 1 1 1 8 1 4 1 3 1 2 3 1
19 2 1 1 1 2 2 2 2 2 2 4 1 2 1 10 1 2 1 1 2 2 1 1 1 1 2 1 1 1 3 1 2 1 1 1 8 1 4 1 3 1 3 2 1
19 2 1 1 1 2 2 2 3 1 2 4 1 2 1 10 1 2 1 1 2 2 1 1 1 2 1 1 1 1 3 1 2 1 1 1 8 1 4 1 3 1 4 1 1
19 2 1 1 1 2 3 1 1 1 1 1 1 4 1 4 1 10 1 1 1 2 1 3 1 1 1 1 11 1 4 1 4 2 1 1 2 1 5 1 1 1 1
19 2 1 1 1 2 3 1 1 1 1 1 2 4 1 2 1 10 1 2 1 1 2 4 2 1 1 1 1 1 3 1 2 1 1 1 8 1 4 1 6 1 1 1 1
19 2 1 1 1 2 3 1 1 3 2 4 1 2 1 10 1 2 1 1 2 4 4 1 1 1 3 1 2 1 1 1 8 1 4 1 6 3 1
19 2 1 1 1 2 3 1 2 2 2 4 1 2 1 10 1 2 1 1 2 4 1 1 2 1 1 1 3 1 2 1 1 1 8 1 4 1 7 2 1
19 2 1 1 1 2 3 1 3 1 2 4 1 2 1 10 1 2 1 1 2 4 1 2 1 1 1 1 3 1 2 1 1 1 8 1 4 1 8 1 1
19 2 1 1 1 3 1 2 1 1 1 1 2 4 1 2 1 10 1 2 1 1 3 1 1 1 2 1 1 1 1 1 3 1 2 1 1 1 8 1 4 1 1 1 1 1 2 1 1 1 1
19 2 1 1 1 3 1 2 1 3 2 4 1 2 1 10 1 2 1 1 3 1 1 1 4 1 1 1 3 1 2 1 1 1 8 1 4 1 1 1 1 1 2 3 1
19 2 1 1 1 3 1 2 2 2 2 4 1 2 1 10 1 2 1 1 3 1 1 1 1 1 2 1 1 1 3 1 2 1 1 1 8 1 4 1 1 1 1 1 3 2 1
19 2 1 1 1 3 1 2 3 1 2 4 1 2 1 10 1 2 1 1 3 1 1 1 1 2 1 1 1 1 3 1 2 1 1 1 8 1 4 1 1 1 1 1 4 1 1
19 2 1 1 1 3 1 3 1 2 1 4 1 4 1 2 1 6 2 1 1 2 2 1 3 1 1 1 6 1 3 1 2 1 1 1 4 2 1 1 2 1 2 1 1 1 1 1 2
19 2 1 1 1 3 2 1 1 1 1 1 2 4 1 2 1 10 1 2 1 1 3 3 2 1 1 1 1 1 3 1 2 1 1 1 8 1 4 1 1 1 4 1 1 1 1
19 2 1 1 1 3 2 1 1 3 2 4 1 2 1 10 1 2 1 1 3 3 4 1 1 1 3 1 2 1 1 1 8 1 4 1 1 1 4 3 1
19 2 1 1 1 3 2 1 2 2 2 4 1 2 1 10 1 2 1 1 3 3 1 1 2 1 1 1 3 1 2 1 1 1 8 1 4 1 1 1 5 2 1
19 2 1 1 1 3 2 1 3 1 2 4 1 2 1 10 1 2 1 1 3 3 1 2 1 1 1 1 3 1 2 1 1 1 8 1 4 1 1 1 6 1 1
19 2 1 1 1 4 1 1 1 1 1 1 1 4 1 1 1 2 1 3 1 6 1 1 1 2 2 2 1 1 1 1 1 1 6 1 2 1 4 1 4 1 2 1 2 2 4 1 1 1 1
19 2 1 1 1 4 1 1 1 1 1 1 2 4 1 2 1 10 1 2 1 1 4 2 2 1 1 1 1 1 3 1 2 1 1 1 8 1 4 1 1 2 3 1 1 1 1
19 2 1 1 1 4 1 1 1 3 1 4 1 1 1 2 1 3 1 6 1 1 1 2 2 2 1 1 3 1 6 1 2 1 4 1 4 1 2 1 2 2 4 3 1
19 2 1 1 1 4 1 1 1 3 2 4 1 2 1 10 1 2 1 1 4 2 4 1 1 1 3 1 2 1 1 1 8 1 4 1 1 2 3 3 1
19 2 1 1 1 4 1 1 2 2 1 4 1 1 1 2 1 3 1 6 1 1 1 2 2 2 1 2 2 1 6 1 2 1 4 1 4 1 2 1 2 2 5 2 1
19 2 1 1 1 4 1 1 2 2 2 4 1 2 1 10 1 2 1 1 4 2 1 1 2 1 1 1 3 1 2 1 1 1 8 1 4 1 1 2 4 2 1
19 2 1 1 1 4 1 1 3 1 1 4 1 1 1 2 1 3 1 6 1 1 1 2 2 2 1 3 1 1 6 1 2 1 4 1 4 1 2 1 2 2 6 1 1
19 2 1 1 1 4 1 1 3 1 2 4 1 2 1 10 1 2 1 1 4 2 1 2 1 1 1 1 3 1 2 1 1 1 8 1 4 1 1 2 5 1 1
19 2 1 1 1 4 1 2 1 1 2 4 1 1 1 2 1 3 1 6 1 1 1 2 2 2 2 1 1 2 6 1 2 1 4 1 4 1 2 1 2 2 3 1 1 1 2
19 2 1 1 1 4 1 2 1 2 1 4 1 1 1 2 1 3 1 6 1 1 1 2 2 2 2 1 2 1 6 1 2 1 4 1 4 1 2 1 2 2 3 1 1 2 1
19 2 1 1 1 4 1 2 1 2 1 4 1 4 1 2 1 6 2 1 1 2 3 1 2 1 1 1 6 1 3 1 2 1 1 1 4 2 1 1 2 1 1 1 2 1 1 1 2
19 2 1 1 1 4 1 2 2 1 1 4 1 1 1 2 1 3 1 6 1 1 1 2 2 2 2 2 1 1 6 1 2 1 4 1 4 1 2 1 2 2 3 1 2 1 1
19 2 1 1 1 4 1 3 1 1 1 4 1 1 1 2 1 3 1 6 1 1 1 2 2 2 3 1 1 1 6 1 2 1 4 1 4 1 2 1 2 2 3 2 1 1 1
19 2 1 1 1 4 1 5 1 4 1 1 1 2 1 3 1 6 1 1 1 2 2 2 5 1 6 1 2 1 4 1 4 1 2 1 2 2 3 4 1
19 2 1 1 1 6 1 1 1 1 1 4 1 1 1 2 1 3 1 6 1 1 1 2 2 1 2 1 1 1 1 1 6 1 2 1 4 1 4 1 2 1 2 2 1 1 2 1 1 1 1
19 2 1 1 1 6 1 1 1 1 2 4 1 2 1 10 1 2 1 1 5 1 2 1 1 1 1 1 3 1 2 1 1 1 8 1 4 1 1 3 2 1 1 1 1
19 2 1 1 1 6 1 3 1 4 1 1 1 2 1 3 1 6 1 1 1 2 2 1 2 1 3 1 6 1 2 1 4 1 4 1 2 1 2 2 1 1 2 3 1
19 2 1 1 1 6 1 3 2 4 1 2 1 10 1 2 1 1 5 1 4 1 1 1 3 1 2 1 1 1 8 1 4 1 1 3 2 3 1
19 2 1 1 1 6 2 2 1 4 1 1 1 2 1 3 1 6 1 1 1 2 2 1 2 2 2 1 6 1 2 1 4 1 4 1 2 1 2 2 1 1 3 2 1
19 2 1 1 1 6 2 2 2 4 1 2 1 10 1 2 1 1 5 1 1 1 2 1 1 1 3 1 2 1 1 1 8 1 4 1 1 3 3 2 1
19 2 1 1 1 6 3 1 1 4 1 1 1 2 1 3 1 6 1 1 1 2 2 1 2 3 1 1 6 1 2 1 4 1 4 1 2 1 2 2 1 1 4 1 1
19 2 1 1 1 6 3 1 2 4 1 2 1 10 1 2 1 1 5 1 1 2 1 1 1 1 3 1 2 1 1 1 8 1 4 1 1 3 4 1 1
19 2 1 1 1 7 1 1 2 4 1 1 1 2 1 3 1 6 1 1 1 2 2 1 3 1 1 2 6 1 2 1 4 1 4 1 2 1 2 2 1 1 1 1 1 1 2
19 2 1 1 1 7 1 2 1 4 1 1 1 2 1 3 1 6 1 1 1 2 2 1 3 1 2 1 6 1 2 1 4 1 4 1 2 1 2 2 1 1 1 1 1 2 1
19 2 1 1 1 7 1 2 1 4 1 4 1 2 1 6 2 1 1 2 6 1 1 1 6 1 3 1 2 1 1 1 4 2 1 1 2 1 1 2 1 1 1 1 2
19 2 1 1 1 7 2 1 1 4 1 1 1 2 1 3 1 6 1 1 1 2 2 1 3 2 1 1 6 1 2 1 4 1 4 1 2 1 2 2 1 1 1 1 2 1 1
19 2 1 1 1 8 1 1 1 4 1 1 1 2 1 3 1 6 1 1 1 2 2 1 4 1 1 1 6 1 2 1 4 1 4 1 2 1 2 2 1 1 1 2 1 1 1
19 2 1 1 2 1 1 1 1 1 1 1 1 1 2 4 1 2 1 10 1 2 1 2 1 1 1 2 2 1 1 1 1 1 3 1 2 1 1 1 8 1 7 1 3 1 1 1 1
19 2 1 1 2 1 1 1 1 1 1 3 2 4 1 2 1 10 1 2 1 2 1 1 1 2 4 1 1 1 3 1 2 1 1 1 8 1 7 1 3 3 1
19 2 1 1 2 1 1 1 1 1 2 2 2 4 1 2 1 10 1 2 1 2 1 1 1 2 1 1 2 1 1 1 3 1 2 1 1 1 8 1 7 1 4 2 1
19 2 1 1 2 1 1 1 1 1 3 1 2 4 1 2 1 10 1 2 1 2 1 1 1 2 1 2 1 1 1 1 3 1 2 1 1 1 8 1 7 1 5 1 1
19 2 1 1 2 1 1 3 1 1 1 1 2 4 1 2 1 10 1 2 1 2 1 1 2 1 2 1 1 1 1 1 3 1 2 1 1 1 8 1 7 2 2 1 1 1 1
19 2 1 1 2 1 1 3 1 3 2 4 1 2 1 10 1 2 1 2 1 1 2 1 4 1 1 1 3 1 2 1 1 1 8 1 7 2 2 3 1
19 2 1 1 2 1 1 3 2 2 2 4 1 2 1 10 1 2 1 2 1 1 2 1 1 1 2 1 1 1 3 1 2 1 1 1 8 1 7 2 3 2 1
19 2 1 1 2 1 1 3 3 1 2 4 1 2 1 10 1 2 1 2 1 1 2 1 1 2 1 1 1 1 3 1 2 1 1 1 8 1 7 2 4 1 1
19 2 1 1 2 1 2 2 1 1 1 1 2 4 1 2 1 10 1 2 1 2 1 2 1 1 2 1 1 1 1 1 3 1 2 1 1 1 8 1 8 1 2 1 1 1 1
19 2 1 1 2 1 2 2 1 3 2 4 1 2 1 10 1 2 1 2 1 2 1 1 4 1 1 1 3 1 2 1 1 1 8 1 8 1 2 3 1
19 2 1 1 2 1 2 2 2 2 2 4 1 2 1 10 1 2 1 2 1 2 1 1 1 1 2 1 1 1 3 1 2 1 1 1 8 1 8 1 3 2 1
19 2 1 1 2 1 2 2 3 1 2 4 1 2 1 10 1 2 1 2 1 2 1 1 1 2 1 1 1 1 3 1 2 1 1 1 8 1 8 1 4 1 1
19 2 1 1 2 1 3 1 1 1 1 1 2 4 1 2 1 10 1 2 1 2 1 4 2 1 1 1 1 1 3 1 2 1 1 1 8 1 11 1 1 1 1
19 2 1 1 2 1 3 1 1 3 2 4 1 2 1 10 1 2 1 2 1 4 4 1 1 1 3 1 2 1 1 1 8 1 11 3 1
19 2 1 1 2 1 3 1 2 2 2 4 1 2 1 10 1 2 1 2 1 4 1 1 2 1 1 1 3 1 2 1 1 1 8 1 12 2 1
19 2 1 1 2 1 3 1 3 1 2 4 1 2 1 10 1 2 1 2 1 4 1 2 1 1 1 1 3 1 2 1 1 1 8 1 13 1 1
19 2 1 1 2 2 1 2 1 1 1 1 2 4 1 2 1 10 1 2 1 2 2 1 1 1 2 1 1 1 1 1 3 1 2 1 1 1 8 1 6 1 1 1 2 1 1 1 1
19 2 1 1 2 2 1 2 1 3 2 4 1 2 1 10 1 2 1 2 2 1 1 1 4 1 1 1 3 1 2 1 1 1 8 1 6 1 1 1 2 3 1
19 2 1 1 2 2 1 2 2 2 2 4 1 2 1 10 1 2 1 2 2 1 1 1 1 1 2 1 1 1 3 1 2 1 1 1 8 1 6 1 1 1 3 2 1
19 2 1 1 2 2 1 2 3 1 2 4 1 2 1 10 1 2 1 2 2 1 1 1 1 2 1 1 1 1 3 1 2 1 1 1 8 1 6 1 1 1 4 1 1
19 2 1 1 2 2 2 1 1 1 1 1 2 4 1 2 1 10 1 2 1 2 2 3 2 1 1 1 1 1 3 1 2 1 1 1 8 1 6 1 4 1 1 1 1
19 2 1 1 2 2 2 1 1 3 2 4 1 2 1 10 1 2 1 2 2 3 4 1 1 1 3 1 2 1 1 1 8 1 6 1 4 3 1
19 2 1 1 2 2 2 1 2 2 2 4 1 2 1 10 1 2 1 2 2 3 1 1 2 1 1 1 3 1 2 1 1 1 8 1 6 1 5 2 1
19 2 1 1 2 2 2 1 3 1 2 4 1 2 1 10 1 2 1 2 2 3 1 2 1 1 1 1 3 1 2 1 1 1 8 1 6 1 6 1 1
19 2 1 1 2 3 1 1 1 1 1 1 2 4 1 2 1 10 1 2 1 2 3 2 2 1 1 1 1 1 3 1 2 1 1 1 8 1 6 2 3 1 1 1 1
19 2 1 1 2 3 1 1 1 3 2 4 1 2 1 10 1 2 1 2 3 2 4 1 1 1 3 1 2 1 1 1 8 1 6 2 3 3 1
19 2 1 1 2 3 1 1 2 2 2 4 1 2 1 10 1 2 1 2 3 2 1 1 2 1 1 1 3 1 2 1 1 1 8 1 6 2 4 2 1
19 2 1 1 2 3 1 1 3 1 2 4 1 2 1 10 1 2 1 2 3 2 1 2 1 1 1 1 3 1 2 1 1 1 8 1 6 2 5 1 1
19 2 1 1 2 5 1 1 1 1 2 4 1 2 1 10 1 2 1 2 4 1 2 1 1 1 1 1 3 1 2 1 1 1 8 1 6 3 2 1 1 1 1
19 2 1 1 2 5 1 3 2 4 1 2 1 10 1 2 1 2 4 1 4 1 1 1 3 1 2 1 1 1 8 1 6 3 2 3 1
19 2 1 1 2 5 2 2 2 4 1 2 1 10 1 2 1 2 4 1 1 1 2 1 1 1 3 1 2 1 1 1 8 1 6 3 3 2 1
19 2 1 1 2 5 3 1 2 4 1 2 1 10 1 2 1 2 4 1 1 2 1 1 1 1 3 1 2 1 1 1 8 1 6 3 4 1 1
19 2 1 10 1 1 1 4 1 1 1 2 1 3 1 6 1 1 2 1 2 1 4 1 1 1 6 1 2 1 4 1 4 1 2 2 1 2 1 1 1 2 1 1 1
19 2 1 12 1 4 1 1 1 2 1 3 1 6 1 1 2 1 2 1 6 1 6 1 2 1 4 1 4 1 2 2 1 2 1 1 1 4 1
19 2 1 12 1 8 1 1 1 2 1 3 1 1 2 1 1 1 4 1 2 1 2 1 10 1 2 1 4 3 1 2 1 3 1 2 1 1 2
19 2 1 2 1 1 1 1 1 1 1 1 1 1 2 4 1 2 1 10 1 2 2 1 1 1 1 2 2 1 1 1 1 1 3 1 2 1 1 1 8 1 3 1 3 1 3 1 1 1 1
19 2 1 2 1 1 1 1 1 1 1 3 2 4 1 2 1 10 1 2 2 1 1 1 1 2 4 1 1 1 3 1 2 1 1 1 8 1 3 1 3 1 3 3 1
19 2 1 2 1 1 1 1 1 1 2 2 2 4 1 2 1 10 1 2 2 1 1 1 1 2 1 1 2 1 1 1 3 1 2 1 1 1 8 1 3 1 3 1 4 2 1
19 2 1 2 1 1 1 1 1 1 3 1 2 4 1 2 1 10 1 2 2 1 1 1 1 2 1 2 1 1 1 1 3 1 2 1 1 1 8 1 3 1 3 1 5 1 1
19 2 1 2 1 1 1 3 1 1 1 1 2 4 1 2 1 10 1 2 2 1 1 1 2 1 2 1 1 1 1 1 3 1 2 1 1 1 8 1 3 1 3 2 2 1 1 1 1
19 2 1 2 1 1 1 3 1 3 2 4 1 2 1 10 1 2 2 1 1 1 2 1 4 1 1 1 3 1 2 1 1 1 8 1 3 1 3 2 2 3 1
19 2 1 2 1 1 1 3 2 2 2 4 1 2 1 10 1 2 2 1 1 1 2 1 1 1 2 1 1 1 3 1 2 1 1 1 8 1 3 1 3 2 3 2 1
19 2 1 2 1 1 1 3 3 1 2 4 1 2 1 10 1 2 2 1 1 1 2 1 1 2 1 1 1 1 3 1 2 1 1 1 8 1 3 1 3 2 4 1 1
19 2 1 2 1 1 2 2 1 1 1 1 2 4 1 2 1 10 1 2 2 1 1 2 1 1 2 1 1 1 1 1 3 1 2 1 1 1 8 1 3 1 4 1 2 1 1 1 1
19 2 1 2 1 1 2 2 1 3 2 4 1 2 1 10 1 2 2 1 1 2 1 1 4 1 1 1 3 1 2 1 1 1 8 1 3 1 4 1 2 3 1
19 2 1 2 1 1 2 2 2 2 2 4 1 2 1 10 1 2 2 1 1 2 1 1 1 1 2 1 1 1 3 1 2 1 1 1 8 1 3 1 4 1 3 2 1
19 2 1 2 1 1 2 2 3 1 2 4 1 2 1 10 1 2 2 1 1 2 1 1 1 2 1 1 1 1 3 1 2 1 1 1 8 1 3 1 4 1 4 1 1
19 2 1 2 1 1 3 1 1 1 1 1 2 4 1 2 1 10 1 2 2 1 1 4 2 1 1 1 1 1 3 1 2 1 1 1 8 1 3 1 7 1 1 1 1
19 2 1 2 1 1 3 1 1 3 2 4 1 2 1 10 1 2 2 1 1 4 4 1 1 1 3 1 2 1 1 1 8 1 3 1 7 3 1
19 2 1 2 1 1 3 1 2 2 2 4 1 2 1 10 1 2 2 1 1 4 1 1 2 1 1 1 3 1 2 1 1 1 8 1 3 1 8 2 1
19 2 1 2 1 1 3 1 3 1 2 4 1 2 1 10 1 2 2 1 1 4 1 2 1 1 1 1 3 1 2 1 1 1 8 1 3 1 9 1 1
19 2 1 2 1 2 1 2 1 1 1 1 2 4 1 2 1 10 1 2 2 1 2 1 1 1 2 1 1 1 1 1 3 1 2 1 1 1 8 1 3 1 2 1 1 1 2 1 1 1 1
19 2 1 2 1 2 1 2 1 3 2 4 1 2 1 10 1 2 2 1 2 1 1 1 4 1 1 1 3 1 2 1 1 1 8 1 3 1 2 1 1 1 2 3 1
19 2 1 2 1 2 1 2 2 2 2 4 1 2 1 10 1 2 2 1 2 1 1 1 1 1 2 1 1 1 3 1 2 1 1 1 8 1 3 1 2 1 1 1 3 2 1
19 2 1 2 1 2 1 2 3 1 2 4 1 2 1 10 1 2 2 1 2 1 1 1 1 2 1 1 1 1 3 1 2 1 1 1 8 1 3 1 2 1 1 1 4 1 1
19 2 1 2 1 2 2 1 1 1 1 1 2 4 1 2 1 10 1 2 2 1 2 3 2 1 1 1 1 1 3 1 2 1 1 1 8 1 3 1 2 1 4 1 1 1 1
19 2 1 2 1 2 2 1 1 3 2 4 1 2 1 10 1 2 2 1 2 3 4 1 1 1 3 1 2 1 1 1 8 1 3 1 2 1 4 3 1
19 2 1 2 1 2 2 1 2 2 2 4 1 2 1 10 1 2 2 1 2 3 1 1 2 1 1 1 3 1 2 1 1 1 8 1 3 1 2 1 5 2 1
19 2 1 2 1 2 2 1 3 1 2 4 1 2 1 10 1 2 2 1 2 3 1 2 1 1 1 1 3 1 2 1 1 1 8 1 3 1 2 1 6 1 1
19 2 1 2 1 3 1 1 1 1 1 1 2 4 1 2 1 10 1 2 2 1 3 2 2 1 1 1 1 1 3 1 2 1 1 1 8 1 3 1 2 2 3 1 1 1 1
19 2 1 2 1 3 1 1 1 3 2 4 1 2 1 10 1 2 2 1 3 2 4 1 1 1 3 1 2 1 1 1 8 1 3 1 2 2 3 3 1
19 2 1 2 1 3 1 1 2 2 2 4 1 2 1 10 1 2 2 1 3 2 1 1 2 1 1 1 3 1 2 1 1 1 8 1 3 1 2 2 4 2 1
19 2 1 2 1 3 1 1 3 1 2 4 1 2 1 10 1 2 2 1 3 2 1 2 1 1 1 1 3 1 2 1 1 1 8 1 3 1 2 2 5 1 1
19 2 1 2 1 5 1 1 1 1 2 4 1 2 1 10 1 2 2 1 4 1 2 1 1 1 1 1 3 1 2 1 1 1 8 1 3 1 2 3 2 1 1 1 1
19 2 1 2 1 5 1 3 2 4 1 2 1 10 1 2 2 1 4 1 4 1 1 1 3 1 2 1 1 1 8 1 3 1 2 3 2 3 1
19 2 1 2 1 5 2 2 2 4 1 2 1 10 1 2 2 1 4 1 1 1 2 1 1 1 3 1 2 1 1 1 8 1 3 1 2 3 3 2 1
19 2 1 2 1 5 3 1 2 4 1 2 1 10 1 2 2 1 4 1 1 2 1 1 1 1 3 1 2 1 1 1 8 1 3 1 2 3 4 1 1
19 2 1 3 1 1 1 1 1 4 1 8 1 1 1 2 1 3 1 1 2 1 1 1 1 1 1 3 1 1 2 1 10 1 2 1 4 3 1 2 2 1 3 1 1 1 2
19 2 1 3 1 1 1 2 1 3 1 8 1 1 1 2 1 3 1 1 2 1 1 1 1 1 1 2 1 2 2 1 10 1 2 1 4 3 1 2 2 1 2 1 2 1 2
19 2 1 3 1 1 1 3 1 2 1 4 1 4 1 2 1 6 2 1 2 2 1 1 3 1 1 1 6 1 3 1 2 1 1 1 4 2 1 2 4 1 1 1 1 1 2
19 2 1 3 1 1 1 6 1 8 1 1 1 2 1 3 1 1 2 1 1 1 1 1 1 2 2 1 2 1 10 1 2 1 4 3 1 2 2 1 2 2 1 1 2
19 2 1 3 1 1 2 2 1 2 1 4 1 4 1 2 1 6 2 1 2 2 1 2 2 1 1 1 6 1 3 1 2 1 1 1 4 2 1 2 6 1 1 1 2
19 2 1 3 1 2 1 2 1 2 1 4 1 4 1 2 1 6 2 1 2 2 2 1 2 1 1 1 6 1 3 1 2 1 1 1 4 2 1 2 3 1 2 1 1 1 2
19 2 1 3 1 3 1 4 1 8 1 1 1 2 1 3 1 1 2 1 1 1 1 1 2 2 1 1 2 1 10 1 2 1 4 3 1 2 2 2 2 1 1 1 2
19 2 1 3 1 4 1 3 1 8 1 1 1 2 1 3 1 1 2 1 1 1 1 1 2 1 1 2 2 1 10 1 2 1 4 3 1 2 2 2 1 1 2 1 2
19 2 1 3 1 5 1 2 1 4 1 4 1 2 1 6 2 1 2 2 5 1 1 1 6 1 3 1 2 1 1 1 4 2 1 2 3 2 1 1 1 1 2
19 2 1 3 1 8 1 8 1 1 1 2 1 3 1 1 2 1 1 1 1 1 2 1 2 1 2 1 10 1 2 1 4 3 1 2 2 2 1 2 1 1 2
19 2 1 3 2 1 1 1 1 1 1 1 1 4 1 1 1 2 1 3 1 6 1 1 2 5 1 1 1 1 1 1 6 1 2 1 4 1 4 1 2 2 7 1 1 1 1
19 2 1 3 2 1 1 1 3 1 1 4 1 1 1 2 1 3 1 6 1 1 2 5 1 3 1 1 6 1 2 1 4 1 4 1 2 2 9 1 1
19 2 1 3 2 1 1 2 1 1 2 4 1 1 1 2 1 3 1 6 1 1 2 5 2 1 1 2 6 1 2 1 4 1 4 1 2 2 6 1 1 1 2
19 2 1 3 2 1 1 2 1 2 1 4 1 1 1 2 1 3 1 6 1 1 2 5 2 1 2 1 6 1 2 1 4 1 4 1 2 2 6 1 1 2 1
19 2 1 3 2 1 1 5 1 4 1 1 1 2 1 3 1 6 1 1 2 5 5 1 6 1 2 1 4 1 4 1 2 2 6 4 1
19 2 1 3 2 2 1 4 1 8 1 1 1 2 1 3 1 1 2 1 1 1 1 2 1 2 1 1 2 1 10 1 2 1 4 3 1 2 3 1 2 1 1 1 2
19 2 1 3 2 3 1 1 1 1 1 4 1 1 1 2 1 3 1 6 1 1 2 4 2 1 1 1 1 1 6 1 2 1 4 1 4 1 2 2 4 1 2 1 1 1 1
19 2 1 3 2 3 1 3 1 4 1 1 1 2 1 3 1 6 1 1 2 4 2 1 3 1 6 1 2 1 4 1 4 1 2 2 4 1 2 3 1
19 2 1 3 2 3 1 3 1 8 1 1 1 2 1 3 1 1 2 1 1 1 1 2 1 1 1 2 2 1 10 1 2 1 4 3 1 2 3 1 1 1 2 1 2
19 2 1 3 2 3 2 1 2 4 1 1 1 2 1 3 1 6 1 1 2 4 2 2 1 2 6 1 2 1 4 1 4 1 2 2 4 1 3 1 2
19 2 1 3 2 3 2 2 1 4 1 1 1 2 1 3 1 6 1 1 2 4 2 2 2 1 6 1 2 1 4 1 4 1 2 2 4 1 3 2 1
19 2 1 3 2 4 2 1 1 4 1 1 1 2 1 3 1 6 1 1 2 4 3 2 1 1 6 1 2 1 4 1 4 1 2 2 4 1 1 1 2 1 1
19 2 1 3 2 7 1 8 1 1 1 2 1 3 1 1 2 1 1 1 1 2 1 1 2 1 2 1 10 1 2 1 4 3 1 2 3 1 1 2 1 1 2
19 2 1 3 3 1 1 4 1 8 1 1 1 2 1 3 1 1 2 1 1 1 1 5 1 1 2 1 10 1 2 1 4 3 1 2 6 1 1 1 2
19 2 1 3 3 2 1 3 1 8 1 1 1 2 1 3 1 1 2 1 1 1 1 4 1 2 2 1 10 1 2 1 4 3 1 2 5 1 2 1 2
19 2 1 3 3 6 1 8 1 1 1 2 1 3 1 1 2 1 1 1 1 4 2 1 2 1 10 1 2 1 4 3 1 2 5 2 1 1 2
19 2 1 4 1 1 1 1 1 1 1 1 1 4 1 1 1 2 1 3 1 6 1 1 2 1 1 3 1 1 1 1 1 1 6 1 2 1 4 1 4 1 2 2 1 1 5 1 1 1 1
19 2 1 4 1 1 1 1 1 1 1 1 2 4 1 2 1 10 1 2 4 1 1 2 2 1 1 1 1 1 3 1 2 1 1 1 8 1 3 2 2 1 3 1 1 1 1
19 2 1 4 1 1 1 1 1 3 1 4 1 1 1 2 1 3 1 6 1 1 2 1 1 3 1 1 3 1 6 1 2 1 4 1 4 1 2 2 1 1 5 3 1
19 2 1 4 1 1 1 1 1 3 2 4 1 2 1 10 1 2 4 1 1 2 4 1 1 1 3 1 2 1 1 1 8 1 3 2 2 1 3 3 1
19 2 1 4 1 1 1 1 2 2 1 4 1 1 1 2 1 3 1 6 1 1 2 1 1 3 1 2 2 1 6 1 2 1 4 1 4 1 2 2 1 1 6 2 1
19 2 1 4 1 1 1 1 2 2 2 4 1 2 1 10 1 2 4 1 1 2 1 1 2 1 1 1 3 1 2 1 1 1 8 1 3 2 2 1 4 2 1
19 2 1 4 1 1 1 1 3 1 1 4 1 1 1 2 1 3 1 6 1 1 2 1 1 3 1 3 1 1 6 1 2 1 4 1 4 1 2 2 1 1 7 1 1
19 2 1 4 1 1 1 1 3 1 2 4 1 2 1 10 1 2 4 1 1 2 1 2 1 1 1 1 3 1 2 1 1 1 8 1 3 2 2 1 5 1 1
19 2 1 4 1 1 1 2 1 1 2 4 1 1 1 2 1 3 1 6 1 1 2 1 1 3 2 1 1 2 6 1 2 1 4 1 4 1 2 2 1 1 4 1 1 1 2
19 2 1 4 1 1 1 2 1 2 1 4 1 1 1 2 1 3 1 6 1 1 2 1 1 3 2 1 2 1 6 1 2 1 4 1 4 1 2 2 1 1 4 1 1 2 1
19 2 1 4 1 1 1 2 2 1 1 4 1 1 1 2 1 3 1 6 1 1 2 1 1 3 2 2 1 1 6 1 2 1 4 1 4 1 2 2 1 1 4 1 2 1 1
19 2 1 4 1 1 1 3 1 1 1 4 1 1 1 2 1 3 1 6 1 1 2 1 1 3 3 1 1 1 6 1 2 1 4 1 4 1 2 2 1 1 4 2 1 1 1
19 2 1 4 1 1 1 5 1 4 1 1 1 2 1 3 1 6 1 1 2 1 1 3 5 1 6 1 2 1 4 1 4 1 2 2 1 1 4 4 1
19 2 1 4 1 2 1 4 1 8 1 1 1 2 1 3 1 1 2 1 1 1 2 1 1 2 1 1 2 1 10 1 2 1 4 3 1 2 1 1 1 1 2 1 1 1 2
19 2 1 4 1 2 2 3 1 8 1 1 1 2 1 3 1 1 2 1 1 1 2 1 1 4 2 1 10 1 2 1 4 3 1 2 1 1 1 1 4 1 2
19 2 1 4 1 3 1 1 1 1 1 4 1 1 1 2 1 3 1 6 1 1 2 1 1 2 2 1 1 1 1 1 6 1 2 1 4 1 4 1 2 2 1 1 2 1 2 1 1 1 1
19 2 1 4 1 3 1 1 1 1 2 4 1 2 1 10 1 2 4 1 2 1 2 1 1 1 1 1 3 1 2 1 1 1 8 1 3 2 2 2 2 1 1 1 1
19 2 1 4 1 3 1 3 1 4 1 1 1 2 1 3 1 6 1 1 2 1 1 2 2 1 3 1 6 1 2 1 4 1 4 1 2 2 1 1 2 1 2 3 1
19 2 1 4 1 3 1 3 1 8 1 1 1 2 1 3 1 1 2 1 1 1 2 1 1 1 1 2 2 1 10 1 2 1 4 3 1 2 1 1 1 1 1 1 2 1 2
19 2 1 4 1 3 1 3 2 4 1 2 1 10 1 2 4 1 2 1 4 1 1 1 3 1 2 1 1 1 8 1 3 2 2 2 2 3 1
19 2 1 4 1 3 2 1 2 4 1 1 1 2 1 3 1 6 1 1 2 1 1 2 2 2 1 2 6 1 2 1 4 1 4 1 2 2 1 1 2 1 3 1 2
19 2 1 4 1 3 2 1 3 4 1 2 1 10 1 2 4 1 2 1 1 1 1 2 1 1 3 1 2 1 1 1 8 1 3 2 2 2 3 1 2
19 2 1 4 1 3 2 2 1 4 1 1 1 2 1 3 1 6 1 1 2 1 1 2 2 2 2 1 6 1 2 1 4 1 4 1 2 2 1 1 2 1 3 2 1
19 2 1 4 1 3 2 2 2 4 1 2 1 10 1 2 4 1 2 1 1 1 2 1 1 1 3 1 2 1 1 1 8 1 3 2 2 2 3 2 1
19 2 1 4 1 3 3 1 1 4 1 1 1 2 1 3 1 6 1 1 2 1 1 2 2 3 1 1 6 1 2 1 4 1 4 1 2 2 1 1 2 1 4 1 1
19 2 1 4 1 3 3 1 2 4 1 2 1 10 1 2 4 1 2 1 1 2 1 1 1 1 3 1 2 1 1 1 8 1 3 2 2 2 4 1 1
19 2 1 4 1 4 1 1 2 4 1 1 1 2 1 3 1 6 1 1 2 1 1 2 3 1 1 2 6 1 2 1 4 1 4 1 2 2 1 1 2 1 1 1 1 1 2
19 2 1 4 1 4 1 2 1 4 1 1 1 2 1 3 1 6 1 1 2 1 1 2 3 1 2 1 6 1 2 1 4 1 4 1 2 2 1 1 2 1 1 1 1 2 1
19 2 1 4 1 4 2 1 1 4 1 1 1 2 1 3 1 6 1 1 2 1 1 2 3 2 1 1 6 1 2 1 4 1 4 1 2 2 1 1 2 1 1 1 2 1 1
19 2 1 4 1 5 1 1 1 4 1 1 1 2 1 3 1 6 1 1 2 1 1 2 4 1 1 1 6 1 2 1 4 1 4 1 2 2 1 1 2 1 1 2 1 1 1
19 2 1 4 1 7 1 4 1 1 1 2 1 3 1 6 1 1 2 1 1 2 6 1 6 1 2 1 4 1 4 1 2 2 1 1 2 1 1 4 1
19 2 1 4 1 7 1 8 1 1 1 2 1 3 1 1 2 1 1 1 2 1 1 1 2 1 2 1 10 1 2 1 4 3 1 2 1 1 1 1 1 2 1 1 2
19 2 1 4 2 1 1 4 1 8 1 1 1 2 1 3 1 1 2 1 1 1 2 4 1 1 2 1 10 1 2 1 4 3 1 2 1 1 4 1 1 1 2
19 2 1 4 2 2 1 1 1 1 2 4 1 2 1 10 1 2 4 2 1 1 2 1 1 1 1 1 3 1 2 1 1 1 8 1 3 2 3 1 2 1 1 1 1
19 2 1 4 2 2 1 3 1 8 1 1 1 2 1 3 1 1 2 1 1 1 2 3 1 2 2 1 10 1 2 1 4 3 1 2 1 1 3 1 2 1 2
19 2 1 4 2 2 1 3 2 4 1 2 1 10 1 2 4 2 1 1 4 1 1 1 3 1 2 1 1 1 8 1 3 2 3 1 2 3 1
19 2 1 4 2 2 2 1 3 4 1 2 1 10 1 2 4 2 1 1 1 1 1 2 1 1 3 1 2 1 1 1 8 1 3 2 3 1 3 1 2
19 2 1 4 2 2 2 2 2 4 1 2 1 10 1 2 4 2 1 1 1 1 2 1 1 1 3 1 2 1 1 1 8 1 3 2 3 1 3 2 1
19 2 1 4 2 2 3 1 2 4 1 2 1 10 1 2 4 2 1 1 1 2 1 1 1 1 3 1 2 1 1 1 8 1 3 2 3 1 4 1 1
19 2 1 4 2 6 1 8 1 1 1 2 1 3 1 1 2 1 1 1 2 3 2 1 2 1 10 1 2 1 4 3 1 2 1 1 3 2 1 1 2
19 2 1 4 3 1 1 1 1 1 2 4 1 2 1 10 1 2 4 4 2 1 1 1 1 1 3 1 2 1 1 1 8 1 3 2 6 1 1 1 1
19 2 1 4 3 1 1 3 2 4 1 2 1 10 1 2 4 4 4 1 1 1 3 1 2 1 1 1 8 1 3 2 6 3 1
19 2 1 4 3 1 2 2 2 4 1 2 1 10 1 2 4 4 1 1 2 1 1 1 3 1 2 1 1 1 8 1 3 2 7 2 1
19 2 1 4 3 1 3 1 2 4 1 2 1 10 1 2 4 4 1 2 1 1 1 1 3 1 2 1 1 1 8 1 3 2 8 1 1
19 2 1 5 1 1 1 4 1 8 1 1 1 2 1 3 1 1 2 1 1 1 3 3 1 1 2 1 10 1 2 1 4 3 1 2 1 2 3 1 1 1 2
19 2 1 5 1 2 1 1 1 1 2 4 1 2 1 10 1 2 5 1 1 1 2 1 1 1 1 1 3 1 2 1 1 1 8 1 3 2 1 1 1 1 2 1 1 1 1
19 2 1 5 1 2 1 3 1 8 1 1 1 2 1 3 1 1 2 1 1 1 3 2 1 2 2 1 10 1 2 1 4 3 1 2 1 2 2 1 2 1 2
19 2 1 5 1 2 1 3 2 4 1 2 1 10 1 2 5 1 1 1 4 1 1 1 3 1 2 1 1 1 8 1 3 2 1 1 1 1 2 3 1
19 2 1 5 1 2 2 1 3 4 1 2 1 10 1 2 5 1 1 1 1 1 1 2 1 1 3 1 2 1 1 1 8 1 3 2 1 1 1 1 3 1 2
19 2 1 5 1 2 2 2 2 4 1 2 1 10 1 2 5 1 1 1 1 1 2 1 1 1 3 1 2 1 1 1 8 1 3 2 1 1 1 1 3 2 1
19 2 1 5 1 2 3 1 2 4 1 2 1 10 1 2 5 1 1 1 1 2 1 1 1 1 3 1 2 1 1 1 8 1 3 2 1 1 1 1 4 1 1
19 2 1 5 1 6 1 8 1 1 1 2 1 3 1 1 2 1 1 1 3 2 2 1 2 1 10 1 2 1 4 3 1 2 1 2 2 2 1 1 2
19 2 1 5 2 1 1 1 1 1 2 4 1 2 1 10 1 2 5 3 2 1 1 1 1 1 3 1 2 1 1 1 8 1 3 2 1 1 4 1 1 1 1
19 2 1 5 2 1 1 3 2 4 1 2 1 10 1 2 5 3 4 1 1 1 3 1 2 1 1 1 8 1 3 2 1 1 4 3 1
19 2 1 5 2 1 2 1 3 4 1 2 1 10 1 2 5 3 1 1 1 2 1 1 3 1 2 1 1 1 8 1 3 2 1 1 5 1 2
19 2 1 5 2 1 2 2 2 4 1 2 1 10 1 2 5 3 1 1 2 1 1 1 3 1 2 1 1 1 8 1 3 2 1 1 5 2 1
19 2 1 5 2 1 3 1 2 4 1 2 1 10 1 2 5 3 1 2 1 1 1 1 3 1 2 1 1 1 8 1 3 2 1 1 6 1 1
19 2 1 5 2 2 1 2 1 4 1 4 1 2 1 6 2 1 2 1 2 2 2 1 1 1 6 1 3 1 2 1 1 1 4 2 1 2 1 1 4 1 1 1 2
19 2 1 6 1 1 1 1 1 1 1 4 1 1 1 2 1 3 1 6 1 1 2 1 2 2 1 1 1 1 1 1 6 1 2 1 4 1 4 1 2 2 1 2 4 1 1 1 1
19 2 1 6 1 1 1 1 1 1 2 4 1 2 1 10 1 2 6 2 2 1 1 1 1 1 3 1 2 1 1 1 8 1 3 2 1 2 3 1 1 1 1
19 2 1 6 1 1 1 3 1 4 1 1 1 2 1 3 1 6 1 1 2 1 2 2 1 1 3 1 6 1 2 1 4 1 4 1 2 2 1 2 4 3 1
19 2 1 6 1 1 1 3 2 4 1 2 1 10 1 2 6 2 4 1 1 1 3 1 2 1 1 1 8 1 3 2 1 2 3 3 1
19 2 1 6 1 1 2 1 2 4 1 1 1 2 1 3 1 6 1 1 2 1 2 2 1 2 1 2 6 1 2 1 4 1 4 1 2 2 1 2 5 1 2
19 2 1 6 1 1 2 1 3 4 1 2 1 10 1 2 6 2 1 1 1 2 1 1 3 1 2 1 1 1 8 1 3 2 1 2 4 1 2
19 2 1 6 1 1 2 2 1 4 1 1 1 2 1 3 1 6 1 1 2 1 2 2 1 2 2 1 6 1 2 1 4 1 4 1 2 2 1 2 5 2 1
19 2 1 6 1 1 2 2 1 4 1 4 1 2 1 6 2 1 2 1 3 1 1 2 1 1 6 1 3 1 2 1 1 1 4 2 1 2 1 1 1 1 4 1 2
19 2 1 6 1 1 2 2 2 4 1 2 1 10 1 2 6 2 1 1 2 1 1 1 3 1 2 1 1 1 8 1 3 2 1 2 4 2 1
19 2 1 6 1 1 3 1 1 4 1 1 1 2 1 3 1 6 1 1 2 1 2 2 1 3 1 1 6 1 2 1 4 1 4 1 2 2 1 2 6 1 1
19 2 1 6 1 1 3 1 2 4 1 2 1 10 1 2 6 2 1 2 1 1 1 1 3 1 2 1 1 1 8 1 3 2 1 2 5 1 1
19 2 1 6 1 2 1 1 2 4 1 1 1 2 1 3 1 6 1 1 2 1 2 2 2 1 1 2 6 1 2 1 4 1 4 1 2 2 1 2 3 1 1 1 2
19 2 1 6 1 2 1 2 1 4 1 1 1 2 1 3 1 6 1 1 2 1 2 2 2 1 2 1 6 1 2 1 4 1 4 1 2 2 1 2 3 1 1 2 1
19 2 1 6 1 2 1 2 1 4 1 4 1 2 1 6 2 1 2 1 3 1 2 1 1 1 6 1 3 1 2 1 1 1 4 2 1 2 1 1 1 1 2 1 1 1 2
19 2 1 6 1 2 2 1 1 4 1 1 1 2 1 3 1 6 1 1 2 1 2 2 2 2 1 1 6 1 2 1 4 1 4 1 2 2 1 2 3 1 2 1 1
19 2 1 6 1 3 1 1 1 4 1 1 1 2 1 3 1 6 1 1 2 1 2 2 3 1 1 1 6 1 2 1 4 1 4 1 2 2 1 2 3 2 1 1 1
19 2 1 6 1 5 1 4 1 1 1 2 1 3 1 6 1 1 2 1 2 2 5 1 6 1 2 1 4 1 4 1 2 2 1 2 3 4 1
19 2 1 7 1 4 1 8 1 1 1 2 1 3 1 1 2 1 1 1 4 2 1 1 2 1 10 1 2 1 4 3 1 2 1 3 2 1 1 1 2
19 2 1 7 2 3 1 8 1 1 1 2 1 3 1 1 2 1 1 1 4 4 2 1 10 1 2 1 4 3 1 2 1 3 4 1 2
19 2 1 8 1 1 1 1 1 4 1 1 1 2 1 3 1 6 1 1 2 1 2 1 2 1 1 1 1 1 6 1 2 1 4 1 4 1 2 2 1 2 1 1 2 1 1 1 1
19 2 1 8 1 1 1 1 2 4 1 2 1 10 1 2 7 1 2 1 1 1 1 1 3 1 2 1 1 1 8 1 3 2 1 3 2 1 1 1 1
19 2 1 8 1 3 1 4 1 1 1 2 1 3 1 6 1 1 2 1 2 1 2 1 3 1 6 1 2 1 4 1 4 1 2 2 1 2 1 1 2 3 1
19 2 1 8 1 3 1 8 1 1 1 2 1 3 1 1 2 1 1 1 4 1 1 2 2 1 10 1 2 1 4 3 1 2 1 3 1 1 2 1 2
19 2 1 8 1 3 2 4 1 2 1 10 1 2 7 1 4 1 1 1 3 1 2 1 1 1 8 1 3 2 1 3 2 3 1
19 2 1 8 2 1 2 4 1 1 1 2 1 3 1 6 1 1 2 1 2 1 2 2 1 2 6 1 2 1 4 1 4 1 2 2 1 2 1 1 3 1 2
19 2 1 8 2 1 3 4 1 2 1 10 1 2 7 1 1 1 1 2 1 1 3 1 2 1 1 1 8 1 3 2 1 3 3 1 2
19 2 1 8 2 2 1 4 1 1 1 2 1 3 1 6 1 1 2 1 2 1 2 2 2 1 6 1 2 1 4 1 4 1 2 2 1 2 1 1 3 2 1
19 2 1 8 2 2 2 4 1 2 1 10 1 2 7 1 1 1 2 1 1 1 3 1 2 1 1 1 8 1 3 2 1 3 3 2 1
19 2 1 8 3 1 1 4 1 1 1 2 1 3 1 6 1 1 2 1 2 1 2 3 1 1 6 1 2 1 4 1 4 1 2 2 1 2 1 1 4 1 1
19 2 1 8 3 1 2 4 1 2 1 10 1 2 7 1 1 2 1 1 1 1 3 1 2 1 1 1 8 1 3 2 1 3 4 1 1
19 2 1 9 1 1 2 4 1 1 1 2 1 3 1 6 1 1 2 1 2 1 3 1 1 2 6 1 2 1 4 1 4 1 2 2 1 2 1 1 1 1 1 1 2
19 2 1 9 1 2 1 4 1 1 1 2 1 3 1 6 1 1 2 1 2 1 3 1 2 1 6 1 2 1 4 1 4 1 2 2 1 2 1 1 1 1 1 2 1
19 2 1 9 2 1 1 4 1 1 1 2 1 3 1 6 1 1 2 1 2 1 3 2 1 1 6 1 2 1 4 1 4 1 2 2 1 2 1 1 1 1 2 1 1
19 2 2 11 1 8 1 1 1 2 1 3 1 1 2 3 4 1 2 1 2 1 10 1 2 1 4 3 2 1 1 3 1 2 1 1 2
19 2 2 2 1 1 1 1 1 4 1 8 1 1 1 2 1 3 1 1 2 3 1 1 1 3 1 1 2 1 10 1 2 1 4 3 2 1 2 1 3 1 1 1 2
19 2 2 2 1 1 1 1 2 3 1 8 1 1 1 2 1 3 1 1 2 3 1 1 1 5 2 1 10 1 2 1 4 3 2 1 2 1 5 1 2
19 2 2 2 1 1 1 2 1 3 1 8 1 1 1 2 1 3 1 1 2 3 1 1 1 2 1 2 2 1 10 1 2 1 4 3 2 1 2 1 2 1 2 1 2
19 2 2 2 1 1 1 3 1 2 1 4 1 4 1 2 1 6 2 2 1 2 1 1 3 1 1 1 6 1 3 1 2 1 1 1 4 2 2 1 4 1 1 1 1 1 2
19 2 2 2 1 1 1 6 1 8 1 1 1 2 1 3 1 1 2 3 1 1 1 2 2 1 2 1 10 1 2 1 4 3 2 1 2 1 2 2 1 1 2
19 2 2 2 1 1 2 1 2 2 1 4 1 4 1 2 1 6 2 2 1 2 1 2 1 2 1 1 6 1 3 1 2 1 1 1 4 2 2 1 8 1 2
19 2 2 2 1 1 2 2 1 2 1 4 1 4 1 2 1 6 2 2 1 2 1 2 2 1 1 1 6 1 3 1 2 1 1 1 4 2 2 1 6 1 1 1 2
19 2 2 2 1 2 1 1 2 2 1 4 1 4 1 2 1 6 2 2 1 2 2 1 1 2 1 1 6 1 3 1 2 1 1 1 4 2 2 1 3 1 4 1 2
19 2 2 2 1 2 1 2 1 2 1 4 1 4 1 2 1 6 2 2 1 2 2 1 2 1 1 1 6 1 3 1 2 1 1 1 4 2 2 1 3 1 2 1 1 1 2
19 2 2 2 1 3 1 4 1 8 1 1 1 2 1 3 1 1 2 3 1 1 2 2 1 1 2 1 10 1 2 1 4 3 2 1 2 2 2 1 1 1 2
19 2 2 2 1 3 2 3 1 8 1 1 1 2 1 3 1 1 2 3 1 1 2 4 2 1 10 1 2 1 4 3 2 1 2 2 4 1 2
19 2 2 2 1 4 1 3 1 8 1 1 1 2 1 3 1 1 2 3 1 1 2 1 1 2 2 1 10 1 2 1 4 3 2 1 2 2 1 1 2 1 2
19 2 2 2 1 4 2 2 1 4 1 4 1 2 1 6 2 2 1 2 4 2 1 1 6 1 3 1 2 1 1 1 4 2 2 1 3 2 3 1 2
19 2 2 2 1 5 1 2 1 4 1 4 1 2 1 6 2 2 1 2 5 1 1 1 6 1 3 1 2 1 1 1 4 2 2 1 3 2 1 1 1 1 2
19 2 2 2 1 8 1 8 1 1 1 2 1 3 1 1 2 3 1 1 2 1 2 1 2 1 10 1 2 1 4 3 2 1 2 2 1 2 1 1 2
19 2 2 2 2 1 1 1 1 1 1 1 1 4 1 1 1 2 1 3 1 6 1 2 1 5 1 1 1 1 1 1 6 1 2 1 4 1 4 1 3 1 7 1 1 1 1
19 2 2 2 2 1 1 1 3 1 1 4 1 1 1 2 1 3 1 6 1 2 1 5 1 3 1 1 6 1 2 1 4 1 4 1 3 1 9 1 1
19 2 2 2 2 1 1 1 3 1 1 4 1 4 1 10 1 2 1 3 1 1 1 3 11 1 4 1 4 2 2 1 3 1 5 1 1
19 2 2 2 2 1 1 2 1 1 2 4 1 1 1 2 1 3 1 6 1 2 1 5 2 1 1 2 6 1 2 1 4 1 4 1 3 1 6 1 1 1 2
19 2 2 2 2 1 1 2 1 2 1 4 1 1 1 2 1 3 1 6 1 2 1 5 2 1 2 1 6 1 2 1 4 1 4 1 3 1 6 1 1 2 1
19 2 2 2 2 1 1 5 1 4 1 1 1 2 1 3 1 6 1 2 1 5 5 1 6 1 2 1 4 1 4 1 3 1 6 4 1
19 2 2 2 2 2 1 4 1 8 1 1 1 2 1 3 1 1 2 3 1 2 1 2 1 1 2 1 10 1 2 1 4 3 2 1 3 1 2 1 1 1 2
19 2 2 2 2 2 2 3 1 8 1 1 1 2 1 3 1 1 2 3 1 2 1 4 2 1 10 1 2 1 4 3 2 1 3 1 4 1 2
19 2 2 2 2 3 1 1 1 1 1 4 1 1 1 2 1 3 1 6 1 2 1 4 2 1 1 1 1 1 6 1 2 1 4 1 4 1 3 1 4 1 2 1 1 1 1
19 2 2 2 2 3 1 1 1 1 1 4 1 4 1 10 1 2 1 3 3 1 1 1 11 1 4 1 4 2 2 1 3 2 2 1 1 1 1
19 2 2 2 2 3 1 2 2 4 1 1 1 2 1 3 1 6 1 2 1 4 2 1 2 2 6 1 2 1 4 1 4 1 3 1 4 1 2 2 2
19 2 2 2 2 3 1 3 1 4 1 1 1 2 1 3 1 6 1 2 1 4 2 1 3 1 6 1 2 1 4 1 4 1 3 1 4 1 2 3 1
19 2 2 2 2 3 1 3 1 8 1 1 1 2 1 3 1 1 2 3 1 2 1 1 1 2 2 1 10 1 2 1 4 3 2 1 3 1 1 1 2 1 2
19 2 2 2 2 3 2 1 2 4 1 1 1 2 1 3 1 6 1 2 1 4 2 2 1 2 6 1 2 1 4 1 4 1 3 1 4 1 3 1 2
19 2 2 2 2 3 2 2 1 4 1 1 1 2 1 3 1 6 1 2 1 4 2 2 2 1 6 1 2 1 4 1 4 1 3 1 4 1 3 2 1
19 2 2 2 2 3 3 1 1 4 1 4 1 10 1 2 1 3 3 3 11 1 4 1 4 2 2 1 3 2 4 1 1
19 2 2 2 2 4 2 1 1 4 1 1 1 2 1 3 1 6 1 2 1 4 3 2 1 1 6 1 2 1 4 1 4 1 3 1 4 1 1 1 2 1 1
19 2 2 2 2 7 1 8 1 1 1 2 1 3 1 1 2 3 1 2 1 1 2 1 2 1 10 1 2 1 4 3 2 1 3 1 1 2 1 1 2
19 2 2 2 3 1 1 4 1 8 1 1 1 2 1 3 1 1 2 3 1 5 1 1 2 1 10 1 2 1 4 3 2 1 6 1 1 1 2
19 2 2 2 3 1 2 3 1 8 1 1 1 2 1 3 1 1 2 3 1 7 2 1 10 1 2 1 4 3 2 1 8 1 2
19 2 2 2 3 2 1 1 1 1 1 4 1 4 1 10 1 2 1 4 2 1 1 1 11 1 4 1 4 2 2 1 4 1 2 1 1 1 1
19 2 2 2 3 2 1 3 1 8 1 1 1 2 1 3 1 1 2 3 1 4 1 2 2 1 10 1 2 1 4 3 2 1 5 1 2 1 2
19 2 2 2 3 2 3 1 1 4 1 4 1 10 1 2 1 4 2 3 11 1 4 1 4 2 2 1 4 1 4 1 1
19 2 2 2 3 6 1 8 1 1 1 2 1 3 1 1 2 3 1 4 2 1 2 1 10 1 2 1 4 3 2 1 5 2 1 1 2
19 2 2 2 4 1 1 1 1 1 1 4 1 4 1 10 1 2 1 5 1 1 1 1 11 1 4 1 4 2 2 1 7 1 1 1 1
19 2 2 2 4 1 3 1 1 4 1 4 1 10 1 2 1 5 1 3 11 1 4 1 4 2 2 1 9 1 1
19 2 2 3 1 1 1 1 1 1 1 1 1 4 1 4 1 10 1 2 1 1 1 1 1 1 1 1 1 1 11 1 4 1 4 2 2 1 1 1 1 1 3 1 1 1 1
19 2 2 3 1 1 1 1 3 1 1 4 1 4 1 10 1 2 1 1 1 1 1 1 1 3 11 1 4 1 4 2 2 1 1 1 1 1 5 1 1
19 2 2 3 1 1 1 2 1 1 2 4 1 4 1 10 1 2 1 1 1 1 1 1 2 1 1 1 10 1 4 1 4 2 2 1 1 1 1 1 2 1 1 1 2
19 2 2 3 1 1 1 2 1 2 1 4 1 4 1 10 1 2 1 1 1 1 1 1 2 1 12 1 4 1 4 2 2 1 1 1 1 1 2 1 1 2 1
19 2 2 3 1 1 1 2 2 1 1 4 1 4 1 10 1 2 1 1 1 1 1 1 2 2 11 1 4 1 4 2 2 1 1 1 1 1 2 1 2 1 1
19 2 2 3 1 2 1 4 1 8 1 1 1 2 1 3 1 1 2 3 2 1 1 2 1 1 2 1 10 1 2 1 4 3 2 1 1 1 1 1 2 1 1 1 2
19 2 2 3 1 2 2 3 1 8 1 1 1 2 1 3 1 1 2 3 2 1 1 4 2 1 10 1 2 1 4 3 2 1 1 1 1 1 4 1 2
19 2 2 3 1 3 1 1 1 1 1 4 1 1 1 2 1 3 1 6 1 2 1 1 1 2 2 1 1 1 1 1 6 1 2 1 4 1 4 1 3 1 1 1 2 1 2 1 1 1 1
19 2 2 3 1 3 1 1 1 1 1 4 1 4 1 10 1 2 1 1 1 1 3 1 1 1 11 1 4 1 4 2 2 1 1 1 1 2 2 1 1 1 1
19 2 2 3 1 3 1 3 1 8 1 1 1 2 1 3 1 1 2 3 2 1 1 1 1 2 2 1 10 1 2 1 4 3 2 1 1 1 1 1 1 1 2 1 2
19 2 2 3 1 3 3 1 1 4 1 1 1 2 1 3 1 6 1 2 1 1 1 2 2 3 1 1 6 1 2 1 4 1 4 1 3 1 1 1 2 1 4 1 1
19 2 2 3 1 3 3 1 1 4 1 4 1 10 1 2 1 1 1 1 3 3 11 1 4 1 4 2 2 1 1 1 1 2 4 1 1
19 2 2 3 1 4 1 1 2 4 1 4 1 10 1 2 1 1 1 1 4 1 1 1 10 1 4 1 4 2 2 1 1 1 1 2 1 1 1 1 2
19 2 2 3 1 4 1 2 1 4 1 4 1 10 1 2 1 1 1 1 4 1 12 1 4 1 4 2 2 1 1 1 1 2 1 1 1 2 1
19 2 2 3 1 7 1 8 1 1 1 2 1 3 1 1 2 3 2 1 1 1 2 1 2 1 10 1 2 1 4 3 2 1 1 1 1 1 1 2 1 1 2
19 2 2 3 2 1 1 4 1 8 1 1 1 2 1 3 1 1 2 3 2 4 1 1 2 1 10 1 2 1 4 3 2 1 1 1 4 1 1 1 2
19 2 2 3 2 1 2 3 1 8 1 1 1 2 1 3 1 1 2 3 2 6 2 1 10 1 2 1 4 3 2 1 1 1 6 1 2
19 2 2 3 2 2 1 1 1 1 1 4 1 4 1 10 1 2 1 1 1 2 2 1 1 1 11 1 4 1 4 2 2 1 1 1 2 1 2 1 1 1 1
19 2 2 3 2 2 1 3 1 8 1 1 1 2 1 3 1 1 2 3 2 3 1 2 2 1 10 1 2 1 4 3 2 1 1 1 3 1 2 1 2
19 2 2 3 2 2 3 1 1 4 1 4 1 10 1 2 1 1 1 2 2 3 11 1 4 1 4 2 2 1 1 1 2 1 4 1 1
19 2 2 3 2 3 1 1 2 4 1 4 1 10 1 2 1 1 1 2 3 1 1 1 10 1 4 1 4 2 2 1 1 1 2 1 1 1 1 1 2
19 2 2 3 2 3 1 2 1 4 1 4 1 10 1 2 1 1 1 2 3 1 12 1 4 1 4 2 2 1 1 1 2 1 1 1 1 2 1
19 2 2 3 2 6 1 8 1 1 1 2 1 3 1 1 2 3 2 3 2 1 2 1 10 1 2 1 4 3 2 1 1 1 3 2 1 1 2
19 2 2 3 3 1 1 1 1 1 1 4 1 4 1 10 1 2 1 1 1 3 1 1 1 1 11 1 4 1 4 2 2 1 1 1 5 1 1 1 1
19 2 2 3 3 1 3 1 1 4 1 4 1 10 1 2 1 1 1 3 1 3 11 1 4 1 4 2 2 1 1 1 7 1 1
19 2 2 3 3 2 1 1 2 4 1 4 1 10 1 2 1 1 1 3 2 1 1 1 10 1 4 1 4 2 2 1 1 1 4 1 1 1 2
19 2 2 3 3 2 1 2 1 4 1 4 1 10 1 2 1 1 1 3 2 1 12 1 4 1 4 2 2 1 1 1 4 1 1 2 1
19 2 2 3 3 2 2 1 1 4 1 4 1 10 1 2 1 1 1 3 2 2 11 1 4 1 4 2 2 1 1 1 4 1 2 1 1
19 2 2 4 1 1 1 4 1 8 1 1 1 2 1 3 1 1 2 3 3 3 1 1 2 1 10 1 2 1 4 3 2 1 1 2 3 1 1 1 2
19 2 2 4 1 1 2 3 1 8 1 1 1 2 1 3 1 1 2 3 3 5 2 1 10 1 2 1 4 3 2 1 1 2 5 1 2
19 2 2 4 1 2 1 1 1 1 1 4 1 4 1 10 1 2 1 1 2 1 2 1 1 1 11 1 4 1 4 2 2 1 1 2 1 1 2 1 1 1 1
19 2 2 4 1 2 1 3 1 8 1 1 1 2 1 3 1 1 2 3 3 2 1 2 2 1 10 1 2 1 4 3 2 1 1 2 2 1 2 1 2
19 2 2 4 1 6 1 8 1 1 1 2 1 3 1 1 2 3 3 2 2 1 2 1 10 1 2 1 4 3 2 1 1 2 2 2 1 1 2
19 2 2 4 2 1 2 2 1 4 1 4 1 2 1 6 2 2 1 1 2 2 1 2 1 1 6 1 3 1 2 1 1 1 4 2 2 1 1 1 6 1 2
19 2 2 4 2 1 3 1 1 4 1 4 1 10 1 2 1 1 2 2 1 3 11 1 4 1 4 2 2 1 1 2 6 1 1
19 2 2 4 2 2 1 2 1 4 1 4 1 2 1 6 2 2 1 1 2 2 2 1 1 1 6 1 3 1 2 1 1 1 4 2 2 1 1 1 4 1 1 1 2
19 2 2 5 1 1 2 2 1 4 1 4 1 2 1 6 2 2 1 1 3 1 1 2 1 1 6 1 3 1 2 1 1 1 4 2 2 1 1 1 1 1 4 1 2
19 2 2 5 1 1 3 1 1 4 1 4 1 10 1 2 1 1 3 1 1 3 11 1 4 1 4 2 2 1 1 3 5 1 1
19 2 2 5 1 2 1 2 1 4 1 4 1 2 1 6 2 2 1 1 3 1 2 1 1 1 6 1 3 1 2 1 1 1 4 2 2 1 1 1 1 1 2 1 1 1 2
19 2 2 6 1 4 1 8 1 1 1 2 1 3 1 1 2 3 4 2 1 1 2 1 10 1 2 1 4 3 2 1 1 3 2 1 1 1 2
19 2 2 6 2 3 1 8 1 1 1 2 1 3 1 1 2 3 4 4 2 1 10 1 2 1 4 3 2 1 1 3 4 1 2
19 2 2 7 1 1 1 1 1 4 1 4 1 10 1 2 1 1 5 1 1 1 11 1 4 1 4 2 2 1 1 4 2 1 1 1 1
19 2 2 7 1 3 1 8 1 1 1 2 1 3 1 1 2 3 4 1 1 2 2 1 10 1 2 1 4 3 2 1 1 3 1 1 2 1 2
19 2 3 1 1 1 2 1 2 2 1 4 1 4 1 2 1 6 2 5 1 2 1 2 1 1 6 1 3 1 2 1 1 1 4 2 11 1 2
19 2 3 1 1 1 2 2 1 2 1 4 1 4 1 2 1 6 2 5 1 2 2 1 1 1 6 1 3 1 2 1 1 1 4 2 9 1 1 1 2
19 2 3 1 1 2 1 1 2 2 1 4 1 4 1 2 1 6 2 5 2 1 1 2 1 1 6 1 3 1 2 1 1 1 4 2 6 1 4 1 2
19 2 3 1 1 2 1 2 1 2 1 4 1 4 1 2 1 6 2 5 2 1 2 1 1 1 6 1 3 1 2 1 1 1 4 2 6 1 2 1 1 1 2
19 2 3 10 1 4 1 1 1 2 1 3 1 6 1 4 2 1 6 1 6 1 2 1 4 1 4 1 5 2 1 1 1 4 1
19 2 3 2 1 1 1 1 1 1 1 1 1 4 1 1 1 2 1 3 1 6 1 4 1 3 1 1 1 1 1 1 6 1 2 1 4 1 4 1 5 1 5 1 1 1 1
19 2 3 2 1 1 1 1 1 1 1 1 1 4 1 4 1 10 1 4 1 1 1 1 1 1 1 1 11 1 4 1 4 2 4 1 1 1 3 1 1 1 1
19 2 3 2 1 1 1 1 1 2 2 4 1 1 1 2 1 3 1 6 1 4 1 3 1 1 2 2 6 1 2 1 4 1 4 1 5 1 5 2 2
19 2 3 2 1 1 1 1 1 3 1 4 1 1 1 2 1 3 1 6 1 4 1 3 1 1 3 1 6 1 2 1 4 1 4 1 5 1 5 3 1
19 2 3 2 1 1 1 1 2 1 2 4 1 1 1 2 1 3 1 6 1 4 1 3 1 2 1 2 6 1 2 1 4 1 4 1 5 1 6 1 2
19 2 3 2 1 1 1 1 2 2 1 4 1 1 1 2 1 3 1 6 1 4 1 3 1 2 2 1 6 1 2 1 4 1 4 1 5 1 6 2 1
19 2 3 2 1 1 1 1 3 1 1 4 1 1 1 2 1 3 1 6 1 4 1 3 1 3 1 1 6 1 2 1 4 1 4 1 5 1 7 1 1
19 2 3 2 1 1 1 1 3 1 1 4 1 4 1 10 1 4 1 1 1 1 1 3 11 1 4 1 4 2 4 1 1 1 5 1 1
19 2 3 2 1 1 1 2 1 1 2 4 1 1 1 2 1 3 1 6 1 4 1 3 2 1 1 2 6 1 2 1 4 1 4 1 5 1 4 1 1 1 2
19 2 3 2 1 1 1 2 1 1 2 4 1 4 1 10 1 4 1 1 1 1 2 1 1 1 10 1 4 1 4 2 4 1 1 1 2 1 1 1 2
19 2 3 2 1 1 1 2 1 2 1 4 1 1 1 2 1 3 1 6 1 4 1 3 2 1 2 1 6 1 2 1 4 1 4 1 5 1 4 1 1 2 1
19 2 3 2 1 1 1 2 1 2 1 4 1 4 1 10 1 4 1 1 1 1 2 1 12 1 4 1 4 2 4 1 1 1 2 1 1 2 1
19 2 3 2 1 1 1 2 2 1 1 4 1 1 1 2 1 3 1 6 1 4 1 3 2 2 1 1 6 1 2 1 4 1 4 1 5 1 4 1 2 1 1
19 2 3 2 1 1 1 2 2 1 1 4 1 4 1 10 1 4 1 1 1 1 2 2 11 1 4 1 4 2 4 1 1 1 2 1 2 1 1
19 2 3 2 1 1 1 3 1 1 1 4 1 1 1 2 1 3 1 6 1 4 1 3 3 1 1 1 6 1 2 1 4 1 4 1 5 1 4 2 1 1 1
19 2 3 2 1 1 1 5 1 4 1 1 1 2 1 3 1 6 1 4 1 3 5 1 6 1 2 1 4 1 4 1 5 1 4 4 1
19 2 3 2 1 3 1 1 1 1 1 4 1 1 1 2 1 3 1 6 1 4 1 2 2 1 1 1 1 1 6 1 2 1 4 1 4 1 5 1 2 1 2 1 1 1 1
19 2 3 2 1 3 1 1 1 1 1 4 1 4 1 10 1 4 1 1 3 1 1 1 11 1 4 1 4 2 4 1 1 2 2 1 1 1 1
19 2 3 2 1 3 1 2 2 4 1 1 1 2 1 3 1 6 1 4 1 2 2 1 2 2 6 1 2 1 4 1 4 1 5 1 2 1 2 2 2
19 2 3 2 1 3 1 3 1 4 1 1 1 2 1 3 1 6 1 4 1 2 2 1 3 1 6 1 2 1 4 1 4 1 5 1 2 1 2 3 1
19 2 3 2 1 3 2 1 2 4 1 1 1 2 1 3 1 6 1 4 1 2 2 2 1 2 6 1 2 1 4 1 4 1 5 1 2 1 3 1 2
19 2 3 2 1 3 2 2 1 4 1 1 1 2 1 3 1 6 1 4 1 2 2 2 2 1 6 1 2 1 4 1 4 1 5 1 2 1 3 2 1
19 2 3 2 1 3 3 1 1 4 1 1 1 2 1 3 1 6 1 4 1 2 2 3 1 1 6 1 2 1 4 1 4 1 5 1 2 1 4 1 1
19 2 3 2 1 4 1 1 2 4 1 1 1 2 1 3 1 6 1 4 1 2 3 1 1 2 6 1 2 1 4 1 4 1 5 1 2 1 1 1 1 1 2
19 2 3 2 1 4 1 1 2 4 1 4 1 10 1 4 1 1 4 1 1 1 10 1 4 1 4 2 4 1 1 2 1 1 1 1 2
19 2 3 2 1 4 1 2 1 4 1 1 1 2 1 3 1 6 1 4 1 2 3 1 2 1 6 1 2 1 4 1 4 1 5 1 2 1 1 1 1 2 1
19 2 3 2 1 4 1 2 1 4 1 4 1 10 1 4 1 1 4 1 12 1 4 1 4 2 4 1 1 2 1 1 1 2 1
19 2 3 2 1 4 2 1 1 4 1 1 1 2 1 3 1 6 1 4 1 2 3 2 1 1 6 1 2 1 4 1 4 1 5 1 2 1 1 1 2 1 1
19 2 3 2 1 5 1 1 1 4 1 1 1 2 1 3 1 6 1 4 1 2 4 1 1 1 6 1 2 1 4 1 4 1 5 1 2 1 1 2 1 1 1
19 2 3 2 1 6 2 4 1 1 1 2 1 3 1 6 1 4 1 2 5 2 6 1 2 1 4 1 4 1 5 1 2 1 1 3 2
19 2 3 2 1 7 1 4 1 1 1 2 1 3 1 6 1 4 1 2 6 1 6 1 2 1 4 1 4 1 5 1 2 1 1 4 1
19 2 3 2 2 2 1 1 1 1 1 4 1 4 1 10 1 4 1 2 2 1 1 1 11 1 4 1 4 2 4 1 2 1 2 1 1 1 1
19 2 3 2 2 3 1 1 2 4 1 4 1 10 1 4 1 2 3 1 1 1 10 1 4 1 4 2 4 1 2 1 1 1 1 1 2
19 2 3 2 2 3 1 2 1 4 1 4 1 10 1 4 1 2 3 1 12 1 4 1 4 2 4 1 2 1 1 1 1 2 1
19 2 3 2 3 1 1 1 1 1 1 4 1 4 1 10 1 4 1 3 1 1 1 1 11 1 4 1 4 2 4 1 5 1 1 1 1
19 2 3 2 3 1 3 1 1 4 1 4 1 10 1 4 1 3 1 3 11 1 4 1 4 2 4 1 7 1 1
19 2 3 2 3 2 1 1 2 4 1 4 1 10 1 4 1 3 2 1 1 1 10 1 4 1 4 2 4 1 4 1 1 1 2
19 2 3 2 3 2 1 2 1 4 1 4 1 10 1 4 1 3 2 1 12 1 4 1 4 2 4 1 4 1 1 2 1
19 2 3 2 3 2 2 1 1 4 1 4 1 10 1 4 1 3 2 2 11 1 4 1 4 2 4 1 4 1 2 1 1
19 2 3 3 1 3 1 2 1 4 1 4 1 2 1 6 2 4 2 1 3 1 1 1 6 1 3 1 2 1 1 1 4 2 4 1 2 1 1 1 1 1 2
19 2 3 3 2 1 2 2 1 4 1 4 1 2 1 6 2 4 2 2 1 2 1 1 6 1 3 1 2 1 1 1 4 2 4 1 6 1 2
19 2 3 3 2 2 1 2 1 4 1 4 1 2 1 6 2 4 2 2 2 1 1 1 6 1 3 1 2 1 1 1 4 2 4 1 4 1 1 1 2
19 2 3 4 1 1 1 1 1 1 1 4 1 1 1 2 1 3 1 6 1 4 2 2 1 1 1 1 1 1 6 1 2 1 4 1 4 1 5 2 4 1 1 1 1
19 2 3 4 1 1 1 2 2 4 1 1 1 2 1 3 1 6 1 4 2 2 1 1 2 2 6 1 2 1 4 1 4 1 5 2 4 2 2
19 2 3 4 1 1 1 3 1 4 1 1 1 2 1 3 1 6 1 4 2 2 1 1 3 1 6 1 2 1 4 1 4 1 5 2 4 3 1
19 2 3 4 1 1 2 1 2 4 1 1 1 2 1 3 1 6 1 4 2 2 1 2 1 2 6 1 2 1 4 1 4 1 5 2 5 1 2
19 2 3 4 1 1 2 2 1 4 1 1 1 2 1 3 1 6 1 4 2 2 1 2 2 1 6 1 2 1 4 1 4 1 5 2 5 2 1
19 2 3 4 1 1 2 2 1 4 1 4 1 2 1 6 2 4 3 1 1 2 1 1 6 1 3 1 2 1 1 1 4 2 4 1 1 1 4 1 2
19 2 3 4 1 1 3 1 1 4 1 1 1 2 1 3 1 6 1 4 2 2 1 3 1 1 6 1 2 1 4 1 4 1 5 2 6 1 1
19 2 3 4 1 2 1 1 2 4 1 1 1 2 1 3 1 6 1 4 2 2 2 1 1 2 6 1 2 1 4 1 4 1 5 2 3 1 1 1 2
19 2 3 4 1 2 1 2 1 4 1 1 1 2 1 3 1 6 1 4 2 2 2 1 2 1 6 1 2 1 4 1 4 1 5 2 3 1 1 2 1
19 2 3 4 1 2 1 2 1 4 1 4 1 2 1 6 2 4 3 1 2 1 1 1 6 1 3 1 2 1 1 1 4 2 4 1 1 1 2 1 1 1 2
19 2 3 4 1 2 2 1 1 4 1 1 1 2 1 3 1 6 1 4 2 2 2 2 1 1 6 1 2 1 4 1 4 1 5 2 3 1 2 1 1
19 2 3 4 1 3 1 1 1 4 1 1 1 2 1 3 1 6 1 4 2 2 3 1 1 1 6 1 2 1 4 1 4 1 5 2 3 2 1 1 1
19 2 3 4 1 4 2 4 1 1 1 2 1 3 1 6 1 4 2 2 4 2 6 1 2 1 4 1 4 1 5 2 3 3 2
19 2 3 4 1 5 1 4 1 1 1 2 1 3 1 6 1 4 2 2 5 1 6 1 2 1 4 1 4 1 5 2 3 4 1
19 2 3 4 1 5 1 4 1 4 1 2 1 6 2 4 3 1 4 1 6 1 3 1 2 1 1 1 4 2 4 1 1 1 2 3 2
19 2 3 6 1 1 1 1 1 4 1 1 1 2 1 3 1 6 1 4 2 1 2 1 1 1 1 1 6 1 2 1 4 1 4 1 5 2 1 1 2 1 1 1 1
19 2 3 6 1 2 2 4 1 1 1 2 1 3 1 6 1 4 2 1 2 1 2 2 6 1 2 1 4 1 4 1 5 2 1 1 2 2 2
19 2 3 6 1 3 1 4 1 1 1 2 1 3 1 6 1 4 2 1 2 1 3 1 6 1 2 1 4 1 4 1 5 2 1 1 2 3 1
19 2 3 6 1 3 1 4 1 4 1 2 1 6 2 4 5 1 2 1 6 1 3 1 2 1 1 1 4 2 4 1 1 2 2 2 2
19 2 3 6 2 1 2 4 1 1 1 2 1 3 1 6 1 4 2 1 2 2 1 2 6 1 2 1 4 1 4 1 5 2 1 1 3 1 2
19 2 3 6 2 2 1 4 1 1 1 2 1 3 1 6 1 4 2 1 2 2 2 1 6 1 2 1 4 1 4 1 5 2 1 1 3 2 1
19 2 3 6 2 2 1 4 1 4 1 2 1 6 2 4 5 2 1 1 6 1 3 1 2 1 1 1 4 2 4 1 1 2 3 1 2
19 2 3 6 3 1 1 4 1 1 1 2 1 3 1 6 1 4 2 1 2 3 1 1 6 1 2 1 4 1 4 1 5 2 1 1 4 1 1
19 2 3 7 1 1 2 4 1 1 1 2 1 3 1 6 1 4 2 1 3 1 1 2 6 1 2 1 4 1 4 1 5 2 1 1 1 1 1 1 2
19 2 3 7 1 2 1 4 1 1 1 2 1 3 1 6 1 4 2 1 3 1 2 1 6 1 2 1 4 1 4 1 5 2 1 1 1 1 1 2 1
19 2 3 7 1 2 1 4 1 4 1 2 1 6 2 4 6 1 1 1 6 1 3 1 2 1 1 1 4 2 4 1 1 2 1 1 1 1 2
19 2 3 7 2 1 1 4 1 1 1 2 1 3 1 6 1 4 2 1 3 2 1 1 6 1 2 1 4 1 4 1 5 2 1 1 1 1 2 1 1
19 2 3 8 1 1 1 4 1 1 1 2 1 3 1 6 1 4 2 1 4 1 1 1 6 1 2 1 4 1 4 1 5 2 1 1 1 2 1 1 1
19 2 3 9 2 4 1 1 1 2 1 3 1 6 1 4 2 1 5 2 6 1 2 1 4 1 4 1 5 2 1 1 1 3 2
19 3 1 1 1 2 1 1 1 1 2 1 1 1 1 4 1 2 1 9 2 2 1 1 2 1 1 2 1 1 1 1 2 1 3 1 2 1 1 1 7 2 4 1 2 1 4 1 1
19 3 1 1 1 4 1 1 2 1 1 1 1 4 1 2 1 9 2 2 1 1 4 2 1 1 1 1 2 1 3 1 2 1 1 1 7 2 4 1 1 2 4 1 1
19 3 1 1 1 6 2 1 1 1 1 4 1 2 1 9 2 2 1 1 5 1 1 1 1 1 2 1 3 1 2 1 1 1 7 2 4 1 1 3 3 1 1
19 3 1 1 2 1 1 1 1 1 2 1 1 1 1 4 1 2 1 9 2 2 1 2 1 1 1 2 1 1 1 1 2 1 3 1 2 1 1 1 7 2 7 1 4 1 1
19 3 1 1 2 1 1 3 1 1 2 1 1 4 1 2 1 9 2 2 1 2 1 1 2 1 2 2 2 1 3 1 2 1 1 1 7 2 7 2 2 1 2
19 3 1 1 2 1 1 3 1 2 1 1 1 4 1 2 1 9 2 2 1 2 1 1 2 1 3 1 2 1 3 1 2 1 1 1 7 2 7 2 2 2 1
19 3 1 1 2 1 1 3 2 1 1 1 1 4 1 2 1 9 2 2 1 2 1 1 2 1 1 1 1 1 2 1 3 1 2 1 1 1 7 2 7 2 3 1 1
19 3 1 1 2 3 1 1 2 1 1 1 1 4 1 2 1 9 2 2 1 2 3 2 1 1 1 1 2 1 3 1 2 1 1 1 7 2 6 2 4 1 1
19 3 1 1 2 5 1 1 2 1 1 4 1 2 1 9 2 2 1 2 4 1 2 2 2 1 3 1 2 1 1 1 7 2 6 3 2 1 2
19 3 1 1 2 5 1 2 1 1 1 4 1 2 1 9 2 2 1 2 4 1 3 1 2 1 3 1 2 1 1 1 7 2 6 3 2 2 1
19 3 1 1 2 5 2 1 1 1 1 4 1 2 1 9 2 2 1 2 4 1 1 1 1 1 2 1 3 1 2 1 1 1 7 2 6 3 3 1 1
19 3 1 11 1 4 1 4 1 2 1 6 3 1 1 1 8 1 6 1 3 1 2 1 1 1 4 3 1 1 1 1 1 2 1 3 2
19 3 1 11 1 8 1 1 1 2 1 3 1 1 3 2 4 1 2 1 2 1 10 1 2 1 4 4 1 1 1 3 1 2 1 1 2
19 3 1 2 1 1 1 1 1 1 2 1 1 1 1 4 1 2 1 9 2 2 2 1 1 1 1 2 1 1 1 1 2 1 3 1 2 1 1 1 7 2 3 1 3 1 4 1 1
19 3 1 2 1 1 1 1 1 4 1 8 1 1 1 2 1 3 1 1 3 2 1 1 1 3 1 1 2 1 10 1 2 1 4 4 1 1 2 1 3 1 1 1 2
19 3 1 2 1 1 1 1 2 3 1 8 1 1 1 2 1 3 1 1 3 2 1 1 1 5 2 1 10 1 2 1 4 4 1 1 2 1 5 1 2
19 3 1 2 1 1 1 2 1 3 1 8 1 1 1 2 1 3 1 1 3 2 1 1 1 2 1 2 2 1 10 1 2 1 4 4 1 1 2 1 2 1 2 1 2
19 3 1 2 1 1 1 2 3 1 2 3 1 2 1 1 1 10 1 2 1 2 1 2 1 3 2 1 8 1 9 2 2 1 2 1 1 1 4 1 1
19 3 1 2 1 1 1 3 1 1 2 1 1 4 1 2 1 9 2 2 2 1 1 1 2 1 2 2 2 1 3 1 2 1 1 1 7 2 3 1 3 2 2 1 2
19 3 1 2 1 1 1 3 1 2 1 1 1 4 1 2 1 9 2 2 2 1 1 1 2 1 3 1 2 1 3 1 2 1 1 1 7 2 3 1 3 2 2 2 1
19 3 1 2 1 1 1 3 1 2 1 4 1 4 1 2 1 6 3 1 1 2 1 1 3 1 1 1 6 1 3 1 2 1 1 1 4 3 1 1 4 1 1 1 1 1 2
19 3 1 2 1 1 1 3 2 1 1 1 1 4 1 2 1 9 2 2 2 1 1 1 2 1 1 1 1 1 2 1 3 1 2 1 1 1 7 2 3 1 3 2 3 1 1
19 3 1 2 1 1 1 6 1 8 1 1 1 2 1 3 1 1 3 2 1 1 1 2 2 1 2 1 10 1 2 1 4 4 1 1 2 1 2 2 1 1 2
19 3 1 2 1 1 2 1 1 2 2 4 1 4 1 10 2 1 1 2 1 2 1 1 2 1 10 1 4 1 4 3 1 1 2 1 4 2 2
19 3 1 2 1 1 2 1 2 2 1 4 1 4 1 2 1 6 3 1 1 2 1 2 1 2 1 1 6 1 3 1 2 1 1 1 4 3 1 1 8 1 2
19 3 1 2 1 1 2 2 1 2 1 4 1 4 1 2 1 6 3 1 1 2 1 2 2 1 1 1 6 1 3 1 2 1 1 1 4 3 1 1 6 1 1 1 2
19 3 1 2 1 1 2 5 1 4 1 4 1 2 1 6 3 1 1 2 1 2 4 1 6 1 3 1 2 1 1 1 4 3 1 1 6 3 2
19 3 1 2 1 2 1 1 1 1 1 1 1 4 1 4 1 10 2 1 1 2 2 1 1 1 1 1 11 1 4 1 4 3 1 1 2 2 3 1 1 1 1
19 3 1 2 1 2 1 1 1 2 2 4 1 4 1 10 2 1 1 2 2 1 1 1 2 1 10 1 4 1 4 3 1 1 2 2 3 2 2
19 3 1 2 1 2 1 1 1 3 1 4 1 4 1 10 2 1 1 2 2 1 1 1 13 1 4 1 4 3 1 1 2 2 3 3 1
19 3 1 2 1 2 1 1 1 3 1 4 1 4 1 2 1 6 3 1 1 2 2 1 1 1 2 1 6 1 3 1 2 1 1 1 4 3 1 1 3 1 3 2 2
19 3 1 2 1 2 1 1 2 2 1 4 1 4 1 10 2 1 1 2 2 1 1 2 12 1 4 1 4 3 1 1 2 2 4 2 1
19 3 1 2 1 2 1 1 2 2 1 4 1 4 1 2 1 6 3 1 1 2 2 1 1 2 1 1 6 1 3 1 2 1 1 1 4 3 1 1 3 1 4 1 2
19 3 1 2 1 2 1 1 3 1 1 4 1 4 1 10 2 1 1 2 2 1 1 3 11 1 4 1 4 3 1 1 2 2 5 1 1
19 3 1 2 1 2 1 2 1 2 1 4 1 4 1 2 1 6 3 1 1 2 2 1 2 1 1 1 6 1 3 1 2 1 1 1 4 3 1 1 3 1 2 1 1 1 2
19 3 1 2 1 2 1 2 2 1 1 4 1 4 1 10 2 1 1 2 2 1 2 2 11 1 4 1 4 3 1 1 2 2 2 1 2 1 1
19 3 1 2 1 2 1 3 1 1 1 4 1 4 1 10 2 1 1 2 2 1 3 1 11 1 4 1 4 3 1 1 2 2 2 2 1 1 1
19 3 1 2 1 2 1 4 2 4 1 4 1 10 2 1 1 2 2 1 4 1 10 1 4 1 4 3 1 1 2 2 2 3 2
19 3 1 2 1 2 1 5 1 4 1 4 1 10 2 1 1 2 2 1 15 1 4 1 4 3 1 1 2 2 2 4 1
19 3 1 2 1 2 1 5 1 4 1 4 1 2 1 6 3 1 1 2 2 1 4 1 6 1 3 1 2 1 1 1 4 3 1 1 3 1 2 3 2
19 3 1 2 1 3 1 1 2 1 1 1 1 4 1 2 1 9 2 2 2 1 3 2 1 1 1 1 2 1 3 1 2 1 1 1 7 2 3 1 2 2 4 1 1
19 3 1 2 1 3 1 4 1 8 1 1 1 2 1 3 1 1 3 2 1 1 2 2 1 1 2 1 10 1 2 1 4 4 1 1 2 2 2 1 1 1 2
19 3 1 2 1 3 2 3 1 8 1 1 1 2 1 3 1 1 3 2 1 1 2 4 2 1 10 1 2 1 4 4 1 1 2 2 4 1 2
19 3 1 2 1 4 1 2 2 4 1 4 1 10 2 1 1 2 4 1 2 1 10 1 4 1 4 3 1 1 2 3 2 2 2
19 3 1 2 1 4 1 3 1 4 1 4 1 10 2 1 1 2 4 1 13 1 4 1 4 3 1 1 2 3 2 3 1
19 3 1 2 1 4 1 3 1 4 1 4 1 2 1 6 3 1 1 2 4 1 2 1 6 1 3 1 2 1 1 1 4 3 1 1 3 2 2 2 2
19 3 1 2 1 4 1 3 1 8 1 1 1 2 1 3 1 1 3 2 1 1 2 1 1 2 2 1 10 1 2 1 4 4 1 1 2 2 1 1 2 1 2
19 3 1 2 1 4 2 2 1 4 1 4 1 10 2 1 1 2 4 2 12 1 4 1 4 3 1 1 2 3 3 2 1
19 3 1 2 1 4 2 2 1 4 1 4 1 2 1 6 3 1 1 2 4 2 1 1 6 1 3 1 2 1 1 1 4 3 1 1 3 2 3 1 2
19 3 1 2 1 4 3 1 1 4 1 4 1 10 2 1 1 2 4 3 11 1 4 1 4 3 1 1 2 3 4 1 1
19 3 1 2 1 4 3 1 2 3 1 2 1 1 1 10 1 2 1 2 2 1 1 3 2 1 8 1 9 2 2 1 2 3 4 1 1
19 3 1 2 1 5 1 1 2 1 1 4 1 2 1 9 2 2 2 1 4 1 2 2 2 1 3 1 2 1 1 1 7 2 3 1 2 3 2 1 2
19 3 1 2 1 5 1 2 1 1 1 4 1 2 1 9 2 2 2 1 4 1 3 1 2 1 3 1 2 1 1 1 7 2 3 1 2 3 2 2 1
19 3 1 2 1 5 1 2 1 4 1 4 1 2 1 6 3 1 1 2 5 1 1 1 6 1 3 1 2 1 1 1 4 3 1 1 3 2 1 1 1 1 2
19 3 1 2 1 5 2 1 1 1 1 4 1 2 1 9 2 2 2 1 4 1 1 1 1 1 2 1 3 1 2 1 1 1 7 2 3 1 2 3 3 1 1
19 3 1 2 1 8 1 4 1 4 1 2 1 6 3 1 1 2 7 1 6 1 3 1 2 1 1 1 4 3 1 1 3 2 1 3 2
19 3 1 2 1 8 1 8 1 1 1 2 1 3 1 1 3 2 1 1 2 1 2 1 2 1 10 1 2 1 4 4 1 1 2 2 1 2 1 1 2
19 3 1 2 2 1 1 1 1 2 2 4 1 4 1 10 2 1 1 3 1 1 1 1 2 1 10 1 4 1 4 3 1 1 3 1 3 2 2
19 3 1 2 2 1 1 1 2 2 1 4 1 4 1 10 2 1 1 3 1 1 1 2 12 1 4 1 4 3 1 1 3 1 4 2 1
19 3 1 2 2 1 1 4 2 4 1 4 1 10 2 1 1 3 1 1 4 1 10 1 4 1 4 3 1 1 3 1 2 3 2
19 3 1 2 2 2 1 4 1 8 1 1 1 2 1 3 1 1 3 2 1 2 1 2 1 1 2 1 10 1 2 1 4 4 1 1 3 1 2 1 1 1 2
19 3 1 2 2 2 2 3 1 8 1 1 1 2 1 3 1 1 3 2 1 2 1 4 2 1 10 1 2 1 4 4 1 1 3 1 4 1 2
19 3 1 2 2 3 1 1 1 1 1 4 1 1 1 2 1 3 1 6 2 1 1 4 2 1 1 1 1 1 6 1 2 1 4 1 4 1 1 1 1 1 4 1 2 1 1 1 1
19 3 1 2 2 3 1 1 3 4 1 1 1 2 1 3 1 6 2 1 1 4 2 1 1 3 6 1 2 1 4 1 4 1 1 1 1 1 4 1 2 1 3
19 3 1 2 2 3 1 2 2 4 1 4 1 10 2 1 1 3 3 1 2 1 10 1 4 1 4 3 1 1 3 2 2 2 2
19 3 1 2 2 3 1 3 1 8 1 1 1 2 1 3 1 1 3 2 1 2 1 1 1 2 2 1 10 1 2 1 4 4 1 1 3 1 1 1 2 1 2
19 3 1 2 2 3 2 2 1 4 1 4 1 10 2 1 1 3 3 2 12 1 4 1 4 3 1 1 3 2 3 2 1
19 3 1 2 2 7 1 8 1 1 1 2 1 3 1 1 3 2 1 2 1 1 2 1 2 1 10 1 2 1 4 4 1 1 3 1 1 2 1 1 2
19 3 1 2 3 1 1 4 1 8 1 1 1 2 1 3 1 1 3 2 1 5 1 1 2 1 10 1 2 1 4 4 1 1 6 1 1 1 2
19 3 1 2 3 1 2 3 1 8 1 1 1 2 1 3 1 1 3 2 1 7 2 1 10 1 2 1 4 4 1 1 8 1 2
19 3 1 2 3 2 1 1 1 1 1 4 1 4 1 10 2 1 1 4 2 1 1 1 11 1 4 1 4 3 1 1 4 1 2 1 1 1 1
19 3 1 2 3 2 1 1 3 4 1 4 1 10 2 1 1 4 2 1 1 2 10 1 4 1 4 3 1 1 4 1 2 1 3
19 3 1 2 3 2 1 3 1 8 1 1 1 2 1 3 1 1 3 2 1 4 1 2 2 1 10 1 2 1 4 4 1 1 5 1 2 1 2
19 3 1 2 3 2 3 1 1 4 1 4 1 10 2 1 1 4 2 3 11 1 4 1 4 3 1 1 4 1 4 1 1
19 3 1 2 3 6 1 8 1 1 1 2 1 3 1 1 3 2 1 4 2 1 2 1 10 1 2 1 4 4 1 1 5 2 1 1 2
19 3 1 2 4 1 1 2 2 4 1 4 1 10 2 1 1 5 1 1 2 1 10 1 4 1 4 3 1 1 7 2 2
19 3 1 2 4 1 3 1 1 4 1 4 1 10 2 1 1 5 1 3 11 1 4 1 4 3 1 1 9 1 1
19 3 1 3 1 1 1 1 1 2 2 4 1 4 1 10 2 1 1 1 1 1 1 1 1 1 2 1 10 1 4 1 4 3 1 1 1 1 1 1 3 2 2
19 3 1 3 1 1 1 2 1 1 2 4 1 4 1 10 2 1 1 1 1 1 1 1 2 1 1 1 10 1 4 1 4 3 1 1 1 1 1 1 2 1 1 1 2
19 3 1 3 1 1 1 4 2 4 1 4 1 10 2 1 1 1 1 1 1 1 4 1 10 1 4 1 4 3 1 1 1 1 1 1 2 3 2
19 3 1 3 1 2 1 4 1 8 1 1 1 2 1 3 1 1 3 2 2 1 1 2 1 1 2 1 10 1 2 1 4 4 1 1 1 1 1 1 2 1 1 1 2
19 3 1 3 1 2 2 3 1 8 1 1 1 2 1 3 1 1 3 2 2 1 1 4 2 1 10 1 2 1 4 4 1 1 1 1 1 1 4 1 2
19 3 1 3 1 3 1 1 1 1 1 4 1 1 1 2 1 3 1 6 2 1 1 1 1 2 2 1 1 1 1 1 6 1 2 1 4 1 4 1 1 1 1 1 1 1 2 1 2 1 1 1 1
19 3 1 3 1 3 1 1 1 1 1 4 1 4 1 10 2 1 1 1 1 1 3 1 1 1 11 1 4 1 4 3 1 1 1 1 1 2 2 1 1 1 1
19 3 1 3 1 3 1 1 3 4 1 1 1 2 1 3 1 6 2 1 1 1 1 2 2 1 1 3 6 1 2 1 4 1 4 1 1 1 1 1 1 1 2 1 2 1 3
19 3 1 3 1 3 1 1 3 4 1 4 1 10 2 1 1 1 1 1 3 1 1 2 10 1 4 1 4 3 1 1 1 1 1 2 2 1 3
19 3 1 3 1 3 1 3 1 8 1 1 1 2 1 3 1 1 3 2 2 1 1 1 1 2 2 1 10 1 2 1 4 4 1 1 1 1 1 1 1 1 2 1 2
19 3 1 3 1 4 1 1 2 4 1 4 1 10 2 1 1 1 1 1 4 1 1 1 10 1 4 1 4 3 1 1 1 1 1 2 1 1 1 1 2
19 3 1 3 1 4 1 2 1 4 1 4 1 10 2 1 1 1 1 1 4 1 12 1 4 1 4 3 1 1 1 1 1 2 1 1 1 2 1
19 3 1 3 1 4 2 1 1 4 1 4 1 10 2 1 1 1 1 1 4 2 11 1 4 1 4 3 1 1 1 1 1 2 1 1 2 1 1
19 3 1 3 1 7 1 8 1 1 1 2 1 3 1 1 3 2 2 1 1 1 2 1 2 1 10 1 2 1 4 4 1 1 1 1 1 1 1 2 1 1 2
19 3 1 3 2 1 1 4 1 8 1 1 1 2 1 3 1 1 3 2 2 4 1 1 2 1 10 1 2 1 4 4 1 1 1 1 4 1 1 1 2
19 3 1 3 2 1 2 3 1 8 1 1 1 2 1 3 1 1 3 2 2 6 2 1 10 1 2 1 4 4 1 1 1 1 6 1 2
19 3 1 3 2 2 1 1 1 1 1 4 1 4 1 10 2 1 1 1 1 2 2 1 1 1 11 1 4 1 4 3 1 1 1 1 2 1 2 1 1 1 1
19 3 1 3 2 2 1 1 3 4 1 4 1 10 2 1 1 1 1 2 2 1 1 2 10 1 4 1 4 3 1 1 1 1 2 1 2 1 3
19 3 1 3 2 2 1 3 1 8 1 1 1 2 1 3 1 1 3 2 2 3 1 2 2 1 10 1 2 1 4 4 1 1 1 1 3 1 2 1 2
19 3 1 3 2 2 3 1 1 4 1 4 1 10 2 1 1 1 1 2 2 3 11 1 4 1 4 3 1 1 1 1 2 1 4 1 1
19 3 1 3 2 3 1 1 2 4 1 4 1 10 2 1 1 1 1 2 3 1 1 1 10 1 4 1 4 3 1 1 1 1 2 1 1 1 1 1 2
19 3 1 3 2 3 1 2 1 4 1 4 1 10 2 1 1 1 1 2 3 1 12 1 4 1 4 3 1 1 1 1 2 1 1 1 1 2 1
19 3 1 3 2 3 2 1 1 4 1 4 1 10 2 1 1 1 1 2 3 2 11 1 4 1 4 3 1 1 1 1 2 1 1 1 2 1 1
19 3 1 3 2 6 1 8 1 1 1 2 1 3 1 1 3 2 2 3 2 1 2 1 10 1 2 1 4 4 1 1 1 1 3 2 1 1 2
19 3 1 3 3 1 3 1 1 4 1 4 1 10 2 1 1 1 1 3 1 3 11 1 4 1 4 3 1 1 1 1 7 1 1
19 3 1 4 1 1 1 1 2 1 1 1 1 4 1 2 1 9 2 2 4 1 1 2 1 1 1 1 2 1 3 1 2 1 1 1 7 2 3 2 2 1 4 1 1
19 3 1 4 1 1 1 4 1 8 1 1 1 2 1 3 1 1 3 2 3 3 1 1 2 1 10 1 2 1 4 4 1 1 1 2 3 1 1 1 2
19 3 1 4 1 1 2 3 1 8 1 1 1 2 1 3 1 1 3 2 3 5 2 1 10 1 2 1 4 4 1 1 1 2 5 1 2
19 3 1 4 1 2 1 1 1 1 2 3 1 2 1 1 1 10 1 2 1 1 2 2 1 1 1 1 2 1 8 1 9 2 2 1 1 2 1 1 2 1 1 1 1
19 3 1 4 1 2 1 1 4 3 1 2 1 1 1 10 1 2 1 1 2 2 1 1 1 2 1 1 8 1 9 2 2 1 1 2 1 1 2 1 3
19 3 1 4 1 2 1 3 1 8 1 1 1 2 1 3 1 1 3 2 3 2 1 2 2 1 10 1 2 1 4 4 1 1 1 2 2 1 2 1 2
19 3 1 4 1 3 1 2 1 4 1 4 1 2 1 6 3 1 1 1 2 1 3 1 1 1 6 1 3 1 2 1 1 1 4 3 1 1 1 1 2 1 1 1 1 1 2
19 3 1 4 1 6 1 8 1 1 1 2 1 3 1 1 3 2 3 2 2 1 2 1 10 1 2 1 4 4 1 1 1 2 2 2 1 1 2
19 3 1 4 2 1 2 2 1 4 1 4 1 2 1 6 3 1 1 1 2 2 1 2 1 1 6 1 3 1 2 1 1 1 4 3 1 1 1 1 6 1 2
19 3 1 4 2 2 1 2 1 4 1 4 1 2 1 6 3 1 1 1 2 2 2 1 1 1 6 1 3 1 2 1 1 1 4 3 1 1 1 1 4 1 1 1 2
19 3 1 4 2 5 1 4 1 4 1 2 1 6 3 1 1 1 2 2 4 1 6 1 3 1 2 1 1 1 4 3 1 1 1 1 4 3 2
19 3 1 5 1 1 1 2 2 4 1 4 1 10 2 1 1 1 3 1 1 1 2 1 10 1 4 1 4 3 1 1 1 3 3 2 2
19 3 1 5 1 1 1 3 1 4 1 4 1 10 2 1 1 1 3 1 1 1 13 1 4 1 4 3 1 1 1 3 3 3 1
19 3 1 5 1 1 1 3 1 4 1 4 1 2 1 6 3 1 1 1 3 1 1 1 2 1 6 1 3 1 2 1 1 1 4 3 1 1 1 1 1 1 3 2 2
19 3 1 5 1 1 2 2 1 4 1 4 1 10 2 1 1 1 3 1 1 2 12 1 4 1 4 3 1 1 1 3 4 2 1
19 3 1 5 1 1 2 2 1 4 1 4 1 2 1 6 3 1 1 1 3 1 1 2 1 1 6 1 3 1 2 1 1 1 4 3 1 1 1 1 1 1 4 1 2
19 3 1 5 1 2 1 1 2 4 1 4 1 10 2 1 1 1 3 1 2 1 1 1 10 1 4 1 4 3 1 1 1 3 2 1 1 1 2
19 3 1 5 1 2 1 2 1 4 1 4 1 10 2 1 1 1 3 1 2 1 12 1 4 1 4 3 1 1 1 3 2 1 1 2 1
19 3 1 5 1 2 1 2 1 4 1 4 1 2 1 6 3 1 1 1 3 1 2 1 1 1 6 1 3 1 2 1 1 1 4 3 1 1 1 1 1 1 2 1 1 1 2
19 3 1 5 1 4 2 4 1 4 1 10 2 1 1 1 3 1 4 1 10 1 4 1 4 3 1 1 1 3 2 3 2
19 3 1 5 1 5 1 4 1 4 1 10 2 1 1 1 3 1 15 1 4 1 4 3 1 1 1 3 2 4 1
19 3 1 5 1 5 1 4 1 4 1 2 1 6 3 1 1 1 3 1 4 1 6 1 3 1 2 1 1 1 4 3 1 1 1 1 1 1 2 3 2
19 3 1 6 1 1 2 1 1 1 1 4 1 2 1 9 2 2 6 2 1 1 1 1 2 1 3 1 2 1 1 1 7 2 3 2 1 2 4 1 1
19 3 1 6 1 4 1 8 1 1 1 2 1 3 1 1 3 2 4 2 1 1 2 1 10 1 2 1 4 4 1 1 1 3 2 1 1 1 2
19 3 1 6 2 3 1 8 1 1 1 2 1 3 1 1 3 2 4 4 2 1 10 1 2 1 4 4 1 1 1 3 4 1 2
19 3 1 7 1 1 1 1 1 4 1 4 1 2 1 6 3 1 1 1 5 1 1 2 6 1 3 1 2 1 1 1 4 3 1 1 1 1 1 2 2 1 3
19 3 1 7 1 1 1 1 2 3 1 2 1 1 1 10 1 2 1 1 3 1 1 1 1 1 2 1 8 1 9 2 2 1 1 4 2 1 1 1 1
19 3 1 7 1 1 4 3 1 2 1 1 1 10 1 2 1 1 3 1 1 1 1 2 1 1 8 1 9 2 2 1 1 4 2 1 3
19 3 1 7 1 2 2 4 1 4 1 10 2 1 1 1 5 1 2 1 10 1 4 1 4 3 1 1 1 4 2 2 2
19 3 1 7 1 3 1 4 1 4 1 2 1 6 3 1 1 1 5 1 2 1 6 1 3 1 2 1 1 1 4 3 1 1 1 1 1 2 2 2 2
19 3 1 7 1 3 1 8 1 1 1 2 1 3 1 1 3 2 4 1 1 2 2 1 10 1 2 1 4 4 1 1 1 3 1 1 2 1 2
19 3 1 7 2 2 1 4 1 4 1 10 2 1 1 1 5 2 12 1 4 1 4 3 1 1 1 4 3 2 1
19 3 1 7 2 2 1 4 1 4 1 2 1 6 3 1 1 1 5 2 1 1 6 1 3 1 2 1 1 1 4 3 1 1 1 1 1 2 3 1 2
19 3 1 8 1 2 1 4 1 4 1 2 1 6 3 1 1 1 6 1 1 1 6 1 3 1 2 1 1 1 4 3 1 1 1 1 1 2 1 1 1 1 2
19 3 2 1 1 1 1 5 2 4 1 4 1 10 2 4 1 1 5 1 10 1 4 1 4 3 4 1 1 1 1 3 2
19 3 2 1 1 1 1 6 1 4 1 4 1 10 2 4 1 1 16 1 4 1 4 3 4 1 1 1 1 4 1
19 3 2 1 1 1 2 1 2 2 1 4 1 4 1 2 1 6 3 4 1 2 1 2 1 1 6 1 3 1 2 1 1 1 4 3 10 1 2
19 3 2 1 1 1 2 2 1 2 1 4 1 4 1 2 1 6 3 4 1 2 2 1 1 1 6 1 3 1 2 1 1 1 4 3 8 1 1 1 2
19 3 2 1 1 1 2 5 1 4 1 4 1 2 1 6 3 4 1 2 4 1 6 1 3 1 2 1 1 1 4 3 8 3 2
19 3 2 1 1 2 1 1 1 1 1 1 1 4 1 4 1 2 1 6 3 4 2 1 1 1 1 2 6 1 3 1 2 1 1 1 4 3 5 1 3 1 3
19 3 2 1 1 2 1 1 1 3 1 4 1 4 1 2 1 6 3 4 2 1 1 1 2 1 6 1 3 1 2 1 1 1 4 3 5 1 3 2 2
19 3 2 1 1 2 1 1 2 2 1 4 1 4 1 2 1 6 3 4 2 1 1 2 1 1 6 1 3 1 2 1 1 1 4 3 5 1 4 1 2
19 3 2 1 1 2 1 2 1 2 1 4 1 4 1 2 1 6 3 4 2 1 2 1 1 1 6 1 3 1 2 1 1 1 4 3 5 1 2 1 1 1 2
19 3 2 1 1 2 1 5 1 4 1 4 1 2 1 6 3 4 2 1 4 1 6 1 3 1 2 1 1 1 4 3 5 1 2 3 2
19 3 2 1 1 4 1 1 1 1 1 4 1 4 1 2 1 6 3 4 4 1 1 2 6 1 3 1 2 1 1 1 4 3 5 2 2 1 3
19 3 2 1 1 4 1 3 1 4 1 4 1 2 1 6 3 4 4 1 2 1 6 1 3 1 2 1 1 1 4 3 5 2 2 2 2
19 3 2 1 1 4 2 2 1 4 1 4 1 2 1 6 3 4 4 2 1 1 6 1 3 1 2 1 1 1 4 3 5 2 3 1 2
19 3 2 1 1 5 1 2 1 4 1 4 1 2 1 6 3 4 5 1 1 1 6 1 3 1 2 1 1 1 4 3 5 2 1 1 1 1 2
19 3 2 10 1 4 1 1 1 2 1 3 1 6 2 3 2 1 6 1 6 1 2 1 4 1 4 1 1 1 3 2 1 1 1 4 1
19 3 2 10 1 4 1 4 1 2 1 6 3 3 8 1 6 1 3 1 2 1 1 1 4 3 3 1 1 2 1 3 2
19 3 2 2 1 1 1 1 1 1 1 1 1 4 1 1 1 2 1 3 1 6 2 3 1 3 1 1 1 1 1 1 6 1 2 1 4 1 4 1 1 1 3 1 5 1 1 1 1
19 3 2 2 1 1 1 1 1 1 3 4 1 1 1 2 1 3 1 6 2 3 1 3 1 1 1 3 6 1 2 1 4 1 4 1 1 1 3 1 5 1 3
19 3 2 2 1 1 1 1 1 2 2 4 1 1 1 2 1 3 1 6 2 3 1 3 1 1 2 2 6 1 2 1 4 1 4 1 1 1 3 1 5 2 2
19 3 2 2 1 1 1 1 1 3 1 4 1 1 1 2 1 3 1 6 2 3 1 3 1 1 3 1 6 1 2 1 4 1 4 1 1 1 3 1 5 3 1
19 3 2 2 1 1 1 1 2 1 2 4 1 1 1 2 1 3 1 6 2 3 1 3 1 2 1 2 6 1 2 1 4 1 4 1 1 1 3 1 6 1 2
19 3 2 2 1 1 1 1 2 2 1 4 1 1 1 2 1 3 1 6 2 3 1 3 1 2 2 1 6 1 2 1 4 1 4 1 1 1 3 1 6 2 1
19 3 2 2 1 1 1 1 3 1 1 4 1 1 1 2 1 3 1 6 2 3 1 3 1 3 1 1 6 1 2 1 4 1 4 1 1 1 3 1 7 1 1
19 3 2 2 1 1 1 2 1 1 2 4 1 1 1 2 1 3 1 6 2 3 1 3 2 1 1 2 6 1 2 1 4 1 4 1 1 1 3 1 4 1 1 1 2
19 3 2 2 1 1 1 2 1 2 1 4 1 1 1 2 1 3 1 6 2 3 1 3 2 1 2 1 6 1 2 1 4 1 4 1 1 1 3 1 4 1 1 2 1
19 3 2 2 1 1 1 2 2 1 1 4 1 1 1 2 1 3 1 6 2 3 1 3 2 2 1 1 6 1 2 1 4 1 4 1 1 1 3 1 4 1 2 1 1
19 3 2 2 1 1 1 3 1 1 1 4 1 1 1 2 1 3 1 6 2 3 1 3 3 1 1 1 6 1 2 1 4 1 4 1 1 1 3 1 4 2 1 1 1
19 3 2 2 1 1 1 4 2 4 1 1 1 2 1 3 1 6 2 3 1 3 4 2 6 1 2 1 4 1 4 1 1 1 3 1 4 3 2
19 3 2 2 1 1 1 5 1 4 1 1 1 2 1 3 1 6 2 3 1 3 5 1 6 1 2 1 4 1 4 1 1 1 3 1 4 4 1
19 3 2 2 1 3 1 1 1 1 1 4 1 1 1 2 1 3 1 6 2 3 1 2 2 1 1 1 1 1 6 1 2 1 4 1 4 1 1 1 3 1 2 1 2 1 1 1 1
19 3 2 2 1 3 1 1 1 1 1 4 1 4 1 10 2 3 1 1 3 1 1 1 11 1 4 1 4 3 3 1 1 2 2 1 1 1 1
19 3 2 2 1 3 1 1 3 4 1 1 1 2 1 3 1 6 2 3 1 2 2 1 1 3 6 1 2 1 4 1 4 1 1 1 3 1 2 1 2 1 3
19 3 2 2 1 3 1 1 3 4 1 4 1 10 2 3 1 1 3 1 1 2 10 1 4 1 4 3 3 1 1 2 2 1 3
19 3 2 2 1 3 1 2 2 4 1 1 1 2 1 3 1 6 2 3 1 2 2 1 2 2 6 1 2 1 4 1 4 1 1 1 3 1 2 1 2 2 2
19 3 2 2 1 3 1 3 1 4 1 1 1 2 1 3 1 6 2 3 1 2 2 1 3 1 6 1 2 1 4 1 4 1 1 1 3 1 2 1 2 3 1
19 3 2 2 1 3 2 1 2 4 1 1 1 2 1 3 1 6 2 3 1 2 2 2 1 2 6 1 2 1 4 1 4 1 1 1 3 1 2 1 3 1 2
19 3 2 2 1 3 2 2 1 4 1 1 1 2 1 3 1 6 2 3 1 2 2 2 2 1 6 1 2 1 4 1 4 1 1 1 3 1 2 1 3 2 1
19 3 2 2 1 3 3 1 1 4 1 1 1 2 1 3 1 6 2 3 1 2 2 3 1 1 6 1 2 1 4 1 4 1 1 1 3 1 2 1 4 1 1
19 3 2 2 1 4 1 1 2 4 1 1 1 2 1 3 1 6 2 3 1 2 3 1 1 2 6 1 2 1 4 1 4 1 1 1 3 1 2 1 1 1 1 1 2
19 3 2 2 1 4 1 1 2 4 1 4 1 10 2 3 1 1 4 1 1 1 10 1 4 1 4 3 3 1 1 2 1 1 1 1 2
19 3 2 2 1 4 1 2 1 4 1 1 1 2 1 3 1 6 2 3 1 2 3 1 2 1 6 1 2 1 4 1 4 1 1 1 3 1 2 1 1 1 1 2 1
19 3 2 2 1 4 1 2 1 4 1 4 1 10 2 3 1 1 4 1 12 1 4 1 4 3 3 1 1 2 1 1 1 2 1
19 3 2 2 1 4 2 1 1 4 1 1 1 2 1 3 1 6 2 3 1 2 3 2 1 1 6 1 2 1 4 1 4 1 1 1 3 1 2 1 1 1 2 1 1
19 3 2 2 1 4 2 1 1 4 1 4 1 10 2 3 1 1 4 2 11 1 4 1 4 3 3 1 1 2 1 1 2 1 1
19 3 2 2 1 5 1 1 1 4 1 1 1 2 1 3 1 6 2 3 1 2 4 1 1 1 6 1 2 1 4 1 4 1 1 1 3 1 2 1 1 2 1 1 1
19 3 2 2 1 5 3 4 1 1 1 2 1 3 1 6 2 3 1 2 4 3 6 1 2 1 4 1 4 1 1 1 3 1 2 1 1 2 3
19 3 2 2 1 6 2 4 1 1 1 2 1 3 1 6 2 3 1 2 5 2 6 1 2 1 4 1 4 1 1 1 3 1 2 1 1 3 2
19 3 2 2 1 7 1 4 1 1 1 2 1 3 1 6 2 3 1 2 6 1 6 1 2 1 4 1 4 1 1 1 3 1 2 1 1 4 1
19 3 2 2 2 2 1 1 1 1 1 4 1 4 1 10 2 3 1 2 2 1 1 1 11 1 4 1 4 3 3 1 2 1 2 1 1 1 1
19 3 2 2 2 2 1 1 3 4 1 4 1 10 2 3 1 2 2 1 1 2 10 1 4 1 4 3 3 1 2 1 2 1 3
19 3 2 2 2 3 1 1 2 4 1 4 1 10 2 3 1 2 3 1 1 1 10 1 4 1 4 3 3 1 2 1 1 1 1 1 2
19 3 2 2 2 3 1 2 1 4 1 4 1 10 2 3 1 2 3 1 12 1 4 1 4 3 3 1 2 1 1 1 1 2 1
19 3 2 2 2 3 2 1 1 4 1 4 1 10 2 3 1 2 3 2 11 1 4 1 4 3 3 1 2 1 1 1 2 1 1
19 3 2 2 3 1 3 1 1 4 1 4 1 10 2 3 1 3 1 3 11 1 4 1 4 3 3 1 7 1 1
19 3 2 3 2 1 2 2 1 4 1 4 1 2 1 6 3 3 2 2 1 2 1 1 6 1 3 1 2 1 1 1 4 3 3 1 6 1 2
19 3 2 3 2 2 1 2 1 4 1 4 1 2 1 6 3 3 2 2 2 1 1 1 6 1 3 1 2 1 1 1 4 3 3 1 4 1 1 1 2
19 3 2 3 2 5 1 4 1 4 1 2 1 6 3 3 2 2 4 1 6 1 3 1 2 1 1 1 4 3 3 1 4 3 2
19 3 2 4 1 1 1 1 1 1 1 4 1 1 1 2 1 3 1 6 2 3 2 2 1 1 1 1 1 1 6 1 2 1 4 1 4 1 1 1 3 2 4 1 1 1 1
19 3 2 4 1 1 1 1 1 1 1 4 1 4 1 2 1 6 3 3 3 1 1 1 1 2 6 1 3 1 2 1 1 1 4 3 3 1 1 1 3 1 3
19 3 2 4 1 1 1 1 3 4 1 1 1 2 1 3 1 6 2 3 2 2 1 1 1 3 6 1 2 1 4 1 4 1 1 1 3 2 4 1 3
19 3 2 4 1 1 1 2 2 4 1 1 1 2 1 3 1 6 2 3 2 2 1 1 2 2 6 1 2 1 4 1 4 1 1 1 3 2 4 2 2
19 3 2 4 1 1 1 3 1 4 1 1 1 2 1 3 1 6 2 3 2 2 1 1 3 1 6 1 2 1 4 1 4 1 1 1 3 2 4 3 1
19 3 2 4 1 1 1 3 1 4 1 4 1 2 1 6 3 3 3 1 1 1 2 1 6 1 3 1 2 1 1 1 4 3 3 1 1 1 3 2 2
19 3 2 4 1 1 2 1 2 4 1 1 1 2 1 3 1 6 2 3 2 2 1 2 1 2 6 1 2 1 4 1 4 1 1 1 3 2 5 1 2
19 3 2 4 1 1 2 2 1 4 1 1 1 2 1 3 1 6 2 3 2 2 1 2 2 1 6 1 2 1 4 1 4 1 1 1 3 2 5 2 1
19 3 2 4 1 1 2 2 1 4 1 4 1 2 1 6 3 3 3 1 1 2 1 1 6 1 3 1 2 1 1 1 4 3 3 1 1 1 4 1 2
19 3 2 4 1 1 3 1 1 4 1 1 1 2 1 3 1 6 2 3 2 2 1 3 1 1 6 1 2 1 4 1 4 1 1 1 3 2 6 1 1
19 3 2 4 1 2 1 1 2 4 1 1 1 2 1 3 1 6 2 3 2 2 2 1 1 2 6 1 2 1 4 1 4 1 1 1 3 2 3 1 1 1 2
19 3 2 4 1 2 1 2 1 4 1 1 1 2 1 3 1 6 2 3 2 2 2 1 2 1 6 1 2 1 4 1 4 1 1 1 3 2 3 1 1 2 1
19 3 2 4 1 2 1 2 1 4 1 4 1 2 1 6 3 3 3 1 2 1 1 1 6 1 3 1 2 1 1 1 4 3 3 1 1 1 2 1 1 1 2
19 3 2 4 1 2 2 1 1 4 1 1 1 2 1 3 1 6 2 3 2 2 2 2 1 1 6 1 2 1 4 1 4 1 1 1 3 2 3 1 2 1 1
19 3 2 4 1 3 1 1 1 4 1 1 1 2 1 3 1 6 2 3 2 2 3 1 1 1 6 1 2 1 4 1 4 1 1 1 3 2 3 2 1 1 1
19 3 2 4 1 3 1 1 1 4 1 4 1 2 1 6 3 3 3 1 3 2 6 1 3 1 2 1 1 1 4 3 3 1 1 1 2 2 3
19 3 2 4 1 3 3 4 1 1 1 2 1 3 1 6 2 3 2 2 3 3 6 1 2 1 4 1 4 1 1 1 3 2 3 2 3
19 3 2 4 1 4 2 4 1 1 1 2 1 3 1 6 2 3 2 2 4 2 6 1 2 1 4 1 4 1 1 1 3 2 3 3 2
19 3 2 4 1 5 1 4 1 1 1 2 1 3 1 6 2 3 2 2 5 1 6 1 2 1 4 1 4 1 1 1 3 2 3 4 1
19 3 2 4 1 5 1 4 1 4 1 2 1 6 3 3 3 1 4 1 6 1 3 1 2 1 1 1 4 3 3 1 1 1 2 3 2
19 3 2 6 1 1 1 1 1 4 1 1 1 2 1 3 1 6 2 3 2 1 2 1 1 1 1 1 6 1 2 1 4 1 4 1 1 1 3 2 1 1 2 1 1 1 1
19 3 2 6 1 1 1 1 1 4 1 4 1 2 1 6 3 3 5 1 1 2 6 1 3 1 2 1 1 1 4 3 3 1 1 2 2 1 3
19 3 2 6 1 1 3 4 1 1 1 2 1 3 1 6 2 3 2 1 2 1 1 3 6 1 2 1 4 1 4 1 1 1 3 2 1 1 2 1 3
19 3 2 6 1 2 2 4 1 1 1 2 1 3 1 6 2 3 2 1 2 1 2 2 6 1 2 1 4 1 4 1 1 1 3 2 1 1 2 2 2
19 3 2 6 1 3 1 4 1 1 1 2 1 3 1 6 2 3 2 1 2 1 3 1 6 1 2 1 4 1 4 1 1 1 3 2 1 1 2 3 1
19 3 2 6 1 3 1 4 1 4 1 2 1 6 3 3 5 1 2 1 6 1 3 1 2 1 1 1 4 3 3 1 1 2 2 2 2
19 3 2 6 2 1 2 4 1 1 1 2 1 3 1 6 2 3 2 1 2 2 1 2 6 1 2 1 4 1 4 1 1 1 3 2 1 1 3 1 2
19 3 2 6 2 2 1 4 1 1 1 2 1 3 1 6 2 3 2 1 2 2 2 1 6 1 2 1 4 1 4 1 1 1 3 2 1 1 3 2 1
19 3 2 6 2 2 1 4 1 4 1 2 1 6 3 3 5 2 1 1 6 1 3 1 2 1 1 1 4 3 3 1 1 2 3 1 2
19 3 2 6 3 1 1 4 1 1 1 2 1 3 1 6 2 3 2 1 2 3 1 1 6 1 2 1 4 1 4 1 1 1 3 2 1 1 4 1 1
19 3 2 7 1 1 2 4 1 1 1 2 1 3 1 6 2 3 2 1 3 1 1 2 6 1 2 1 4 1 4 1 1 1 3 2 1 1 1 1 1 1 2
19 3 2 7 1 2 1 4 1 1 1 2 1 3 1 6 2 3 2 1 3 1 2 1 6 1 2 1 4 1 4 1 1 1 3 2 1 1 1 1 1 2 1
19 3 2 7 1 2 1 4 1 4 1 2 1 6 3 3 6 1 1 1 6 1 3 1 2 1 1 1 4 3 3 1 1 2 1 1 1 1 2
19 3 2 7 2 1 1 4 1 1 1 2 1 3 1 6 2 3 2 1 3 2 1 1 6 1 2 1 4 1 4 1 1 1 3 2 1 1 1 1 2 1 1
19 3 2 8 1 1 1 4 1 1 1 2 1 3 1 6 2 3 2 1 4 1 1 1 6 1 2 1 4 1 4 1 1 1 3 2 1 1 1 2 1 1 1
19 3 2 8 3 4 1 1 1 2 1 3 1 6 2 3 2 1 4 3 6 1 2 1 4 1 4 1 1 1 3 2 1 1 1 2 3
19 3 2 9 2 4 1 1 1 2 1 3 1 6 2 3 2 1 5 2 6 1 2 1 4 1 4 1 1 1 3 2 1 1 1 3 2
19 4 1 1 1 1 1 3 1 2 1 4 1 4 1 2 1 6 4 3 1 1 3 1 1 1 6 1 3 1 2 1 1 1 4 4 5 1 1 1 1 1 2
19 4 1 1 1 1 1 5 2 4 1 4 1 10 3 3 1 1 5 1 10 1 4 1 4 4 3 1 1 1 1 3 2
19 4 1 1 1 1 1 6 1 4 1 4 1 10 3 3 1 1 16 1 4 1 4 4 3 1 1 1 1 4 1
19 4 1 1 1 1 2 1 2 2 1 4 1 4 1 2 1 6 4 3 1 2 1 2 1 1 6 1 3 1 2 1 1 1 4 4 9 1 2
19 4 1 1 1 1 2 2 1 2 1 4 1 4 1 2 1 6 4 3 1 2 2 1 1 1 6 1 3 1 2 1 1 1 4 4 7 1 1 1 2
19 4 1 1 1 1 2 3 1 1 1 4 1 4 1 2 1 6 4 3 1 2 3 2 6 1 3 1 2 1 1 1 4 4 7 2 3
19 4 1 1 1 1 2 5 1 4 1 4 1 2 1 6 4 3 1 2 4 1 6 1 3 1 2 1 1 1 4 4 7 3 2
19 4 1 1 1 2 1 1 1 1 1 1 1 4 1 4 1 2 1 6 4 3 2 1 1 1 1 2 6 1 3 1 2 1 1 1 4 4 4 1 3 1 3
19 4 1 1 1 2 1 1 1 1 3 4 1 4 1 10 3 3 2 1 1 1 1 2 10 1 4 1 4 4 3 2 3 1 3
19 4 1 1 1 2 1 1 1 3 1 4 1 4 1 2 1 6 4 3 2 1 1 1 2 1 6 1 3 1 2 1 1 1 4 4 4 1 3 2 2
19 4 1 1 1 2 1 1 2 2 1 4 1 4 1 2 1 6 4 3 2 1 1 2 1 1 6 1 3 1 2 1 1 1 4 4 4 1 4 1 2
19 4 1 1 1 2 1 2 1 2 1 4 1 4 1 2 1 6 4 3 2 1 2 1 1 1 6 1 3 1 2 1 1 1 4 4 4 1 2 1 1 1 2
19 4 1 1 1 2 1 3 1 1 1 4 1 4 1 2 1 6 4 3 2 1 3 2 6 1 3 1 2 1 1 1 4 4 4 1 2 2 3
19 4 1 1 1 2 1 3 1 1 1 6 1 1 1 2 1 3 1 3 2 1 1 1 1 2 1 2 2 1 1 1 8 1 2 1 4 1 2 3 2 1 2 1 2 1 2 1 1
19 4 1 1 1 2 1 3 3 4 1 4 1 10 3 3 2 1 3 2 10 1 4 1 4 4 3 2 2 2 3
19 4 1 1 1 2 1 5 1 4 1 4 1 2 1 6 4 3 2 1 4 1 6 1 3 1 2 1 1 1 4 4 4 1 2 3 2
19 4 1 1 1 2 1 5 1 6 1 1 1 2 1 3 1 3 2 1 1 1 1 2 1 2 4 1 8 1 2 1 4 1 2 3 2 1 2 1 2 1 1 2 1
19 4 1 1 1 4 1 1 1 1 1 4 1 4 1 2 1 6 4 3 4 1 1 2 6 1 3 1 2 1 1 1 4 4 4 2 2 1 3
19 4 1 1 1 4 1 3 1 4 1 4 1 2 1 6 4 3 4 1 2 1 6 1 3 1 2 1 1 1 4 4 4 2 2 2 2
19 4 1 1 1 4 2 2 1 4 1 4 1 2 1 6 4 3 4 2 1 1 6 1 3 1 2 1 1 1 4 4 4 2 3 1 2
19 4 1 1 1 5 1 2 1 4 1 4 1 2 1 6 4 3 5 1 1 1 6 1 3 1 2 1 1 1 4 4 4 2 1 1 1 1 2
19 4 1 1 1 6 1 1 1 6 1 1 1 2 1 3 1 3 2 1 1 1 1 2 2 1 2 1 1 1 8 1 2 1 4 1 2 3 2 1 2 2 1 1 2 1 1
19 4 1 1 2 1 1 1 1 1 3 4 1 4 1 10 3 4 1 1 1 1 1 2 10 1 4 1 4 4 4 1 3 1 3
19 4 1 1 2 1 1 3 1 1 1 4 1 1 1 2 1 3 1 6 3 6 3 1 1 1 6 1 2 1 4 1 4 1 1 2 7 2 1 1 1
19 4 1 1 2 1 1 3 3 4 1 1 1 2 1 3 1 6 3 6 3 3 6 1 2 1 4 1 4 1 1 2 7 2 3
19 4 1 1 2 1 1 3 3 4 1 4 1 10 3 4 1 1 3 2 10 1 4 1 4 4 4 1 2 2 3
19 4 1 1 2 3 1 1 1 1 1 4 1 1 1 2 1 3 1 6 3 5 2 1 1 1 1 1 6 1 2 1 4 1 4 1 1 2 5 1 2 1 1 1 1
19 4 1 1 2 3 1 1 3 4 1 1 1 2 1 3 1 6 3 5 2 1 1 3 6 1 2 1 4 1 4 1 1 2 5 1 2 1 3
19 4 1 1 2 4 2 1 1 4 1 1 1 2 1 3 1 6 3 5 3 2 1 1 6 1 2 1 4 1 4 1 1 2 5 1 1 1 2 1 1
19 4 1 1 2 4 4 4 1 1 1 2 1 3 1 6 3 5 3 4 6 1 2 1 4 1 4 1 1 2 5 1 1 1 4
19 4 1 1 2 5 1 1 1 4 1 1 1 2 1 3 1 6 3 5 4 1 1 1 6 1 2 1 4 1 4 1 1 2 5 1 1 2 1 1 1
19 4 1 1 2 5 3 4 1 1 1 2 1 3 1 6 3 5 4 3 6 1 2 1 4 1 4 1 1 2 5 1 1 2 3
19 4 1 10 1 4 1 1 1 2 1 3 1 6 3 2 2 1 6 1 6 1 2 1 4 1 4 1 1 2 2 2 1 1 1 4 1
19 4 1 10 1 4 1 4 1 2 1 6 4 2 8 1 6 1 3 1 2 1 1 1 4 4 2 1 1 2 1 3 2
19 4 1 10 1 6 1 1 1 2 1 3 1 3 2 1 1 1 2 1 2 1 4 1 8 1 2 1 4 1 2 3 2 2 1 2 1 1 1 2 1
19 4 1 2 1 1 1 1 1 1 1 1 1 4 1 1 1 2 1 3 1 6 3 2 1 3 1 1 1 1 1 1 6 1 2 1 4 1 4 1 1 2 2 1 5 1 1 1 1
19 4 1 2 1 1 1 1 1 1 3 4 1 1 1 2 1 3 1 6 3 2 1 3 1 1 1 3 6 1 2 1 4 1 4 1 1 2 2 1 5 1 3
19 4 1 2 1 1 1 1 1 2 2 4 1 1 1 2 1 3 1 6 3 2 1 3 1 1 2 2 6 1 2 1 4 1 4 1 1 2 2 1 5 2 2
19 4 1 2 1 1 1 1 1 2 2 4 1 4 1 10 3 2 1 1 1 1 1 1 2 1 10 1 4 1 4 4 2 1 1 1 3 2 2
19 4 1 2 1 1 1 1 1 3 1 4 1 1 1 2 1 3 1 6 3 2 1 3 1 1 3 1 6 1 2 1 4 1 4 1 1 2 2 1 5 3 1
19 4 1 2 1 1 1 1 2 1 2 4 1 1 1 2 1 3 1 6 3 2 1 3 1 2 1 2 6 1 2 1 4 1 4 1 1 2 2 1 6 1 2
19 4 1 2 1 1 1 1 2 2 1 4 1 1 1 2 1 3 1 6 3 2 1 3 1 2 2 1 6 1 2 1 4 1 4 1 1 2 2 1 6 2 1
19 4 1 2 1 1 1 1 3 1 1 4 1 1 1 2 1 3 1 6 3 2 1 3 1 3 1 1 6 1 2 1 4 1 4 1 1 2 2 1 7 1 1
19 4 1 2 1 1 1 1 3 1 1 4 1 4 1 10 3 2 1 1 1 1 1 3 11 1 4 1 4 4 2 1 1 1 5 1 1
19 4 1 2 1 1 1 2 1 1 2 4 1 1 1 2 1 3 1 6 3 2 1 3 2 1 1 2 6 1 2 1 4 1 4 1 1 2 2 1 4 1 1 1 2
19 4 1 2 1 1 1 2 1 2 1 4 1 1 1 2 1 3 1 6 3 2 1 3 2 1 2 1 6 1 2 1 4 1 4 1 1 2 2 1 4 1 1 2 1
19 4 1 2 1 1 1 2 2 1 1 4 1 1 1 2 1 3 1 6 3 2 1 3 2 2 1 1 6 1 2 1 4 1 4 1 1 2 2 1 4 1 2 1 1
19 4 1 2 1 1 1 3 1 1 1 4 1 1 1 2 1 3 1 6 3 2 1 3 3 1 1 1 6 1 2 1 4 1 4 1 1 2 2 1 4 2 1 1 1
19 4 1 2 1 1 1 3 3 4 1 1 1 2 1 3 1 6 3 2 1 3 3 3 6 1 2 1 4 1 4 1 1 2 2 1 4 2 3
19 4 1 2 1 1 1 4 2 4 1 1 1 2 1 3 1 6 3 2 1 3 4 2 6 1 2 1 4 1 4 1 1 2 2 1 4 3 2
19 4 1 2 1 1 1 4 2 4 1 4 1 10 3 2 1 1 1 1 4 1 10 1 4 1 4 4 2 1 1 1 2 3 2
19 4 1 2 1 1 1 5 1 4 1 1 1 2 1 3 1 6 3 2 1 3 5 1 6 1 2 1 4 1 4 1 1 2 2 1 4 4 1
19 4 1 2 1 3 1 1 1 1 1 4 1 1 1 2 1 3 1 6 3 2 1 2 2 1 1 1 1 1 6 1 2 1 4 1 4 1 1 2 2 1 2 1 2 1 1 1 1
19 4 1 2 1 3 1 1 1 1 1 4 1 4 1 10 3 2 1 1 3 1 1 1 11 1 4 1 4 4 2 1 1 2 2 1 1 1 1
19 4 1 2 1 3 1 1 1 1 2 4 1 2 1 10 1 1 2 1 2 1 2 1 2 1 1 1 1 1 3 1 2 1 1 1 8 1 1 1 2 1 2 2 2 1 1 1 1
19 4 1 2 1 3 1 1 3 4 1 1 1 2 1 3 1 6 3 2 1 2 2 1 1 3 6 1 2 1 4 1 4 1 1 2 2 1 2 1 2 1 3
19 4 1 2 1 3 1 1 3 4 1 4 1 10 3 2 1 1 3 1 1 2 10 1 4 1 4 4 2 1 1 2 2 1 3
19 4 1 2 1 3 1 1 4 4 1 2 1 10 1 1 2 1 2 1 2 1 2 3 1 1 3 1 2 1 1 1 8 1 1 1 2 1 2 2 2 1 3
19 4 1 2 1 3 1 2 2 4 1 1 1 2 1 3 1 6 3 2 1 2 2 1 2 2 6 1 2 1 4 1 4 1 1 2 2 1 2 1 2 2 2
19 4 1 2 1 3 1 3 1 4 1 1 1 2 1 3 1 6 3 2 1 2 2 1 3 1 6 1 2 1 4 1 4 1 1 2 2 1 2 1 2 3 1
19 4 1 2 1 3 2 1 2 4 1 1 1 2 1 3 1 6 3 2 1 2 2 2 1 2 6 1 2 1 4 1 4 1 1 2 2 1 2 1 3 1 2
19 4 1 2 1 3 2 1 3 4 1 2 1 10 1 1 2 1 2 1 2 1 1 1 1 2 1 1 3 1 2 1 1 1 8 1 1 1 2 1 2 2 3 1 2
19 4 1 2 1 3 2 2 1 4 1 1 1 2 1 3 1 6 3 2 1 2 2 2 2 1 6 1 2 1 4 1 4 1 1 2 2 1 2 1 3 2 1
19 4 1 2 1 3 2 2 2 4 1 2 1 10 1 1 2 1 2 1 2 1 1 1 2 1 1 1 3 1 2 1 1 1 8 1 1 1 2 1 2 2 3 2 1
19 4 1 2 1 3 3 1 1 4 1 1 1 2 1 3 1 6 3 2 1 2 2 3 1 1 6 1 2 1 4 1 4 1 1 2 2 1 2 1 4 1 1
19 4 1 2 1 3 3 1 2 4 1 2 1 10 1 1 2 1 2 1 2 1 1 2 1 1 1 1 3 1 2 1 1 1 8 1 1 1 2 1 2 2 4 1 1
19 4 1 2 1 4 1 1 2 4 1 1 1 2 1 3 1 6 3 2 1 2 3 1 1 2 6 1 2 1 4 1 4 1 1 2 2 1 2 1 1 1 1 1 2
19 4 1 2 1 4 1 2 1 4 1 1 1 2 1 3 1 6 3 2 1 2 3 1 2 1 6 1 2 1 4 1 4 1 1 2 2 1 2 1 1 1 1 2 1
19 4 1 2 1 4 2 1 1 4 1 1 1 2 1 3 1 6 3 2 1 2 3 2 1 1 6 1 2 1 4 1 4 1 1 2 2 1 2 1 1 1 2 1 1
19 4 1 2 1 4 4 4 1 1 1 2 1 3 1 6 3 2 1 2 3 4 6 1 2 1 4 1 4 1 1 2 2 1 2 1 1 1 4
19 4 1 2 1 5 1 1 1 4 1 1 1 2 1 3 1 6 3 2 1 2 4 1 1 1 6 1 2 1 4 1 4 1 1 2 2 1 2 1 1 2 1 1 1
19 4 1 2 1 5 3 4 1 1 1 2 1 3 1 6 3 2 1 2 4 3 6 1 2 1 4 1 4 1 1 2 2 1 2 1 1 2 3
19 4 1 2 1 6 2 4 1 1 1 2 1 3 1 6 3 2 1 2 5 2 6 1 2 1 4 1 4 1 1 2 2 1 2 1 1 3 2
19 4 1 2 1 7 1 4 1 1 1 2 1 3 1 6 3 2 1 2 6 1 6 1 2 1 4 1 4 1 1 2 2 1 2 1 1 4 1
19 4 1 2 1 7 1 4 1 4 1 10 3 2 1 1 17 1 4 1 4 4 2 1 1 2 1 4 1
19 4 1 2 2 2 1 1 1 1 1 4 1 4 1 10 3 2 1 2 2 1 1 1 11 1 4 1 4 4 2 1 2 1 2 1 1 1 1
19 4 1 2 2 2 1 1 1 1 2 4 1 2 1 10 1 1 2 1 2 2 1 1 2 1 1 1 1 1 3 1 2 1 1 1 8 1 1 1 2 1 3 1 2 1 1 1 1
19 4 1 2 2 2 1 1 3 4 1 4 1 10 3 2 1 2 2 1 1 2 10 1 4 1 4 4 2 1 2 1 2 1 3
19 4 1 2 2 2 1 1 4 4 1 2 1 10 1 1 2 1 2 2 1 1 2 3 1 1 3 1 2 1 1 1 8 1 1 1 2 1 3 1 2 1 3
19 4 1 2 2 2 2 1 3 4 1 2 1 10 1 1 2 1 2 2 1 1 1 1 1 2 1 1 3 1 2 1 1 1 8 1 1 1 2 1 3 1 3 1 2
19 4 1 2 2 2 2 2 2 4 1 2 1 10 1 1 2 1 2 2 1 1 1 1 2 1 1 1 3 1 2 1 1 1 8 1 1 1 2 1 3 1 3 2 1
19 4 1 2 2 2 3 1 2 4 1 2 1 10 1 1 2 1 2 2 1 1 1 2 1 1 1 1 3 1 2 1 1 1 8 1 1 1 2 1 3 1 4 1 1
19 4 1 2 3 1 3 1 1 4 1 4 1 10 3 2 1 3 1 3 11 1 4 1 4 4 2 1 7 1 1
19 4 1 3 1 2 1 1 1 1 2 4 1 2 1 10 1 1 2 1 3 1 1 1 2 1 1 1 1 1 3 1 2 1 1 1 8 1 1 1 2 1 1 1 1 1 2 1 1 1 1
19 4 1 3 1 2 1 1 4 4 1 2 1 10 1 1 2 1 3 1 1 1 2 3 1 1 3 1 2 1 1 1 8 1 1 1 2 1 1 1 1 1 2 1 3
19 4 1 3 1 2 1 2 3 4 1 2 1 10 1 1 2 1 3 1 1 1 3 2 1 1 3 1 2 1 1 1 8 1 1 1 2 1 1 1 1 1 2 2 2
19 4 1 3 1 2 1 3 2 4 1 2 1 10 1 1 2 1 3 1 1 1 4 1 1 1 3 1 2 1 1 1 8 1 1 1 2 1 1 1 1 1 2 3 1
19 4 1 3 1 2 2 1 3 4 1 2 1 10 1 1 2 1 3 1 1 1 1 1 1 2 1 1 3 1 2 1 1 1 8 1 1 1 2 1 1 1 1 1 3 1 2
19 4 1 3 1 2 2 2 2 4 1 2 1 10 1 1 2 1 3 1 1 1 1 1 2 1 1 1 3 1 2 1 1 1 8 1 1 1 2 1 1 1 1 1 3 2 1
19 4 1 3 1 2 3 1 2 4 1 2 1 10 1 1 2 1 3 1 1 1 1 2 1 1 1 1 3 1 2 1 1 1 8 1 1 1 2 1 1 1 1 1 4 1 1
19 4 1 3 2 1 2 2 1 4 1 4 1 2 1 6 4 2 2 2 1 2 1 1 6 1 3 1 2 1 1 1 4 4 2 1 6 1 2
19 4 1 3 2 2 1 2 1 4 1 4 1 2 1 6 4 2 2 2 2 1 1 1 6 1 3 1 2 1 1 1 4 4 2 1 4 1 1 1 2
19 4 1 3 2 3 1 1 1 4 1 4 1 2 1 6 4 2 2 2 3 2 6 1 3 1 2 1 1 1 4 4 2 1 4 2 3
19 4 1 3 2 5 1 4 1 4 1 2 1 6 4 2 2 2 4 1 6 1 3 1 2 1 1 1 4 4 2 1 4 3 2
19 4 1 4 1 1 1 1 1 1 1 4 1 1 1 2 1 3 1 6 3 2 2 2 1 1 1 1 1 1 6 1 2 1 4 1 4 1 1 2 2 2 4 1 1 1 1
19 4 1 4 1 1 1 1 1 1 1 4 1 4 1 2 1 6 4 2 3 1 1 1 1 2 6 1 3 1 2 1 1 1 4 4 2 1 1 1 3 1 3
19 4 1 4 1 1 1 1 3 4 1 1 1 2 1 3 1 6 3 2 2 2 1 1 1 3 6 1 2 1 4 1 4 1 1 2 2 2 4 1 3
19 4 1 4 1 1 1 2 2 4 1 1 1 2 1 3 1 6 3 2 2 2 1 1 2 2 6 1 2 1 4 1 4 1 1 2 2 2 4 2 2
19 4 1 4 1 1 1 2 2 4 1 4 1 10 3 2 3 1 1 1 2 1 10 1 4 1 4 4 2 3 3 2 2
19 4 1 4 1 1 1 3 1 4 1 1 1 2 1 3 1 6 3 2 2 2 1 1 3 1 6 1 2 1 4 1 4 1 1 2 2 2 4 3 1
19 4 1 4 1 1 1 3 1 4 1 4 1 10 3 2 3 1 1 1 13 1 4 1 4 4 2 3 3 3 1
19 4 1 4 1 1 1 3 1 4 1 4 1 2 1 6 4 2 3 1 1 1 2 1 6 1 3 1 2 1 1 1 4 4 2 1 1 1 3 2 2
19 4 1 4 1 1 2 1 2 4 1 1 1 2 1 3 1 6 3 2 2 2 1 2 1 2 6 1 2 1 4 1 4 1 1 2 2 2 5 1 2
19 4 1 4 1 1 2 2 1 4 1 1 1 2 1 3 1 6 3 2 2 2 1 2 2 1 6 1 2 1 4 1 4 1 1 2 2 2 5 2 1
19 4 1 4 1 1 2 2 1 4 1 4 1 2 1 6 4 2 3 1 1 2 1 1 6 1 3 1 2 1 1 1 4 4 2 1 1 1 4 1 2
19 4 1 4 1 1 3 1 1 4 1 1 1 2 1 3 1 6 3 2 2 2 1 3 1 1 6 1 2 1 4 1 4 1 1 2 2 2 6 1 1
19 4 1 4 1 2 1 1 2 4 1 1 1 2 1 3 1 6 3 2 2 2 2 1 1 2 6 1 2 1 4 1 4 1 1 2 2 2 3 1 1 1 2
19 4 1 4 1 2 1 2 1 4 1 1 1 2 1 3 1 6 3 2 2 2 2 1 2 1 6 1 2 1 4 1 4 1 1 2 2 2 3 1 1 2 1
19 4 1 4 1 2 1 2 1 4 1 4 1 2 1 6 4 2 3 1 2 1 1 1 6 1 3 1 2 1 1 1 4 4 2 1 1 1 2 1 1 1 2
19 4 1 4 1 2 2 1 1 4 1 1 1 2 1 3 1 6 3 2 2 2 2 2 1 1 6 1 2 1 4 1 4 1 1 2 2 2 3 1 2 1 1
19 4 1 4 1 2 2 1 1 4 1 4 1 2 1 6 4 2 3 1 2 3 6 1 3 1 2 1 1 1 4 4 2 1 1 1 2 1 4
19 4 1 4 1 2 4 4 1 1 1 2 1 3 1 6 3 2 2 2 2 4 6 1 2 1 4 1 4 1 1 2 2 2 3 1 4
19 4 1 4 1 3 1 1 1 4 1 1 1 2 1 3 1 6 3 2 2 2 3 1 1 1 6 1 2 1 4 1 4 1 1 2 2 2 3 2 1 1 1
19 4 1 4 1 3 1 1 1 4 1 4 1 2 1 6 4 2 3 1 3 2 6 1 3 1 2 1 1 1 4 4 2 1 1 1 2 2 3
19 4 1 4 1 3 3 4 1 1 1 2 1 3 1 6 3 2 2 2 3 3 6 1 2 1 4 1 4 1 1 2 2 2 3 2 3
19 4 1 4 1 4 2 4 1 1 1 2 1 3 1 6 3 2 2 2 4 2 6 1 2 1 4 1 4 1 1 2 2 2 3 3 2
19 4 1 4 1 4 2 4 1 4 1 10 3 2 3 1 4 1 10 1 4 1 4 4 2 3 2 3 2
19 4 1 4 1 5 1 4 1 1 1 2 1 3 1 6 3 2 2 2 5 1 6 1 2 1 4 1 4 1 1 2 2 2 3 4 1
19 4 1 4 1 5 1 4 1 4 1 10 3 2 3 1 15 1 4 1 4 4 2 3 2 4 1
19 4 1 4 1 5 1 4 1 4 1 2 1 6 4 2 3 1 4 1 6 1 3 1 2 1 1 1 4 4 2 1 1 1 2 3 2
19 4 1 4 1 5 1 6 1 1 1 2 1 3 1 3 2 1 1 1 2 1 1 2 4 1 8 1 2 1 4 1 2 3 2 2 1 1 2 1 1 2 1
19 4 1 6 1 1 1 1 1 4 1 1 1 2 1 3 1 6 3 2 2 1 2 1 1 1 1 1 6 1 2 1 4 1 4 1 1 2 2 2 1 1 2 1 1 1 1
19 4 1 6 1 1 1 1 1 4 1 4 1 2 1 6 4 2 5 1 1 2 6 1 3 1 2 1 1 1 4 4 2 1 1 2 2 1 3
19 4 1 6 1 1 1 1 2 4 1 2 1 10 1 1 2 1 5 1 2 1 1 1 1 1 3 1 2 1 1 1 8 1 1 1 2 1 1 3 2 1 1 1 1
19 4 1 6 1 1 3 4 1 1 1 2 1 3 1 6 3 2 2 1 2 1 1 3 6 1 2 1 4 1 4 1 1 2 2 2 1 1 2 1 3
19 4 1 6 1 1 4 4 1 2 1 10 1 1 2 1 5 1 2 3 1 1 3 1 2 1 1 1 8 1 1 1 2 1 1 3 2 1 3
19 4 1 6 1 2 2 4 1 1 1 2 1 3 1 6 3 2 2 1 2 1 2 2 6 1 2 1 4 1 4 1 1 2 2 2 1 1 2 2 2
19 4 1 6 1 2 3 4 1 2 1 10 1 1 2 1 5 1 3 2 1 1 3 1 2 1 1 1 8 1 1 1 2 1 1 3 2 2 2
19 4 1 6 1 3 1 4 1 1 1 2 1 3 1 6 3 2 2 1 2 1 3 1 6 1 2 1 4 1 4 1 1 2 2 2 1 1 2 3 1
19 4 1 6 1 3 1 4 1 4 1 2 1 6 4 2 5 1 2 1 6 1 3 1 2 1 1 1 4 4 2 1 1 2 2 2 2
19 4 1 6 1 3 2 4 1 2 1 10 1 1 2 1 5 1 4 1 1 1 3 1 2 1 1 1 8 1 1 1 2 1 1 3 2 3 1
19 4 1 6 2 1 2 4 1 1 1 2 1 3 1 6 3 2 2 1 2 2 1 2 6 1 2 1 4 1 4 1 1 2 2 2 1 1 3 1 2
19 4 1 6 2 1 3 4 1 2 1 10 1 1 2 1 5 1 1 1 1 2 1 1 3 1 2 1 1 1 8 1 1 1 2 1 1 3 3 1 2
19 4 1 6 2 2 1 4 1 1 1 2 1 3 1 6 3 2 2 1 2 2 2 1 6 1 2 1 4 1 4 1 1 2 2 2 1 1 3 2 1
19 4 1 6 2 2 1 4 1 4 1 2 1 6 4 2 5 2 1 1 6 1 3 1 2 1 1 1 4 4 2 1 1 2 3 1 2
19 4 1 6 2 2 2 4 1 2 1 10 1 1 2 1 5 1 1 1 2 1 1 1 3 1 2 1 1 1 8 1 1 1 2 1 1 3 3 2 1
19 4 1 6 3 1 1 4 1 1 1 2 1 3 1 6 3 2 2 1 2 3 1 1 6 1 2 1 4 1 4 1 1 2 2 2 1 1 4 1 1
19 4 1 6 3 1 2 4 1 2 1 10 1 1 2 1 5 1 1 2 1 1 1 1 3 1 2 1 1 1 8 1 1 1 2 1 1 3 4 1 1
19 4 1 7 1 1 2 4 1 1 1 2 1 3 1 6 3 2 2 1 3 1 1 2 6 1 2 1 4 1 4 1 1 2 2 2 1 1 1 1 1 1 2
19 4 1 7 1 2 1 4 1 1 1 2 1 3 1 6 3 2 2 1 3 1 2 1 6 1 2 1 4 1 4 1 1 2 2 2 1 1 1 1 1 2 1
19 4 1 7 1 2 1 4 1 4 1 2 1 6 4 2 6 1 1 1 6 1 3 1 2 1 1 1 4 4 2 1 1 2 1 1 1 1 2
19 4 1 7 2 1 1 4 1 1 1 2 1 3 1 6 3 2 2 1 3 2 1 1 6 1 2 1 4 1 4 1 1 2 2 2 1 1 1 1 2 1 1
19 4 1 7 2 1 1 4 1 4 1 2 1 6 4 2 6 3 6 1 3 1 2 1 1 1 4 4 2 1 1 2 1 1 4
19 4 1 7 4 4 1 1 1 2 1 3 1 6 3 2 2 1 3 4 6 1 2 1 4 1 4 1 1 2 2 2 1 1 1 1 4
19 4 1 8 1 1 1 4 1 1 1 2 1 3 1 6 3 2 2 1 4 1 1 1 6 1 2 1 4 1 4 1 1 2 2 2 1 1 1 2 1 1 1
19 4 1 8 3 4 1 1 1 2 1 3 1 6 3 2 2 1 4 3 6 1 2 1 4 1 4 1 1 2 2 2 1 1 1 2 3
19 4 1 9 2 4 1 1 1 2 1 3 1 6 3 2 2 1 5 2 6 1 2 1 4 1 4 1 1 2 2 2 1 1 1 3 2
19 4 2 1 1 1 1 1 1 1 1 1 2 4 1 2 1 10 1 1 2 2 1 1 1 2 2 1 1 1 1 1 3 1 2 1 1 1 8 1 1 1 5 1 3 1 1 1 1
19 4 2 1 1 1 1 1 1 1 4 4 1 2 1 10 1 1 2 2 1 1 1 2 2 3 1 1 3 1 2 1 1 1 8 1 1 1 5 1 3 1 3
19 4 2 1 1 1 1 1 1 2 3 4 1 2 1 10 1 1 2 2 1 1 1 2 3 2 1 1 3 1 2 1 1 1 8 1 1 1 5 1 3 2 2
19 4 2 1 1 1 1 1 1 3 2 4 1 2 1 10 1 1 2 2 1 1 1 2 4 1 1 1 3 1 2 1 1 1 8 1 1 1 5 1 3 3 1
19 4 2 1 1 1 1 1 2 1 3 4 1 2 1 10 1 1 2 2 1 1 1 2 1 1 1 2 1 1 3 1 2 1 1 1 8 1 1 1 5 1 4 1 2
19 4 2 1 1 1 1 1 2 2 2 4 1 2 1 10 1 1 2 2 1 1 1 2 1 1 2 1 1 1 3 1 2 1 1 1 8 1 1 1 5 1 4 2 1
19 4 2 1 1 3 1 1 1 1 2 4 1 2 1 10 1 1 2 2 1 1 2 1 2 1 1 1 1 1 3 1 2 1 1 1 8 1 1 1 5 2 2 1 1 1 1
19 4 2 1 1 3 1 1 4 4 1 2 1 10 1 1 2 2 1 1 2 1 2 3 1 1 3 1 2 1 1 1 8 1 1 1 5 2 2 1 3
19 4 2 1 1 3 1 2 3 4 1 2 1 10 1 1 2 2 1 1 2 1 3 2 1 1 3 1 2 1 1 1 8 1 1 1 5 2 2 2 2
19 4 2 1 1 3 1 3 2 4 1 2 1 10 1 1 2 2 1 1 2 1 4 1 1 1 3 1 2 1 1 1 8 1 1 1 5 2 2 3 1
19 4 2 1 1 3 2 1 3 4 1 2 1 10 1 1 2 2 1 1 2 1 1 1 1 2 1 1 3 1 2 1 1 1 8 1 1 1 5 2 3 1 2
19 4 2 1 1 3 2 2 2 4 1 2 1 10 1 1 2 2 1 1 2 1 1 1 2 1 1 1 3 1 2 1 1 1 8 1 1 1 5 2 3 2 1
19 4 2 1 1 3 3 1 2 4 1 2 1 10 1 1 2 2 1 1 2 1 1 2 1 1 1 1 3 1 2 1 1 1 8 1 1 1 5 2 4 1 1
19 4 2 1 2 2 1 1 1 1 2 4 1 2 1 10 1 1 2 2 1 2 1 1 2 1 1 1 1 1 3 1 2 1 1 1 8 1 1 1 6 1 2 1 1 1 1
19 4 2 1 2 2 1 1 4 4 1 2 1 10 1 1 2 2 1 2 1 1 2 3 1 1 3 1 2 1 1 1 8 1 1 1 6 1 2 1 3
19 4 2 1 2 2 1 2 3 4 1 2 1 10 1 1 2 2 1 2 1 1 3 2 1 1 3 1 2 1 1 1 8 1 1 1 6 1 2 2 2
19 4 2 1 2 2 1 3 2 4 1 2 1 10 1 1 2 2 1 2 1 1 4 1 1 1 3 1 2 1 1 1 8 1 1 1 6 1 2 3 1
19 4 2 1 2 2 2 1 3 4 1 2 1 10 1 1 2 2 1 2 1 1 1 1 1 2 1 1 3 1 2 1 1 1 8 1 1 1 6 1 3 1 2
19 4 2 1 2 2 2 2 2 4 1 2 1 10 1 1 2 2 1 2 1 1 1 1 2 1 1 1 3 1 2 1 1 1 8 1 1 1 6 1 3 2 1
19 4 2 2 1 2 1 1 1 1 2 4 1 2 1 10 1 1 2 2 2 1 1 1 2 1 1 1 1 1 3 1 2 1 1 1 8 1 1 1 4 1 1 1 2 1 1 1 1
19 4 2 2 1 2 1 1 4 4 1 2 1 10 1 1 2 2 2 1 1 1 2 3 1 1 3 1 2 1 1 1 8 1 1 1 4 1 1 1 2 1 3
19 4 2 2 1 2 1 2 3 4 1 2 1 10 1 1 2 2 2 1 1 1 3 2 1 1 3 1 2 1 1 1 8 1 1 1 4 1 1 1 2 2 2
19 4 2 2 1 2 1 3 2 4 1 2 1 10 1 1 2 2 2 1 1 1 4 1 1 1 3 1 2 1 1 1 8 1 1 1 4 1 1 1 2 3 1
19 4 2 2 1 2 2 1 3 4 1 2 1 10 1 1 2 2 2 1 1 1 1 1 1 2 1 1 3 1 2 1 1 1 8 1 1 1 4 1 1 1 3 1 2
19 4 2 2 1 2 2 2 2 4 1 2 1 10 1 1 2 2 2 1 1 1 1 1 2 1 1 1 3 1 2 1 1 1 8 1 1 1 4 1 1 1 3 2 1
19 4 2 3 1 1 1 1 1 1 2 4 1 2 1 10 1 1 2 2 3 2 2 1 1 1 1 1 3 1 2 1 1 1 8 1 1 1 4 2 3 1 1 1 1
19 4 2 3 1 1 1 1 4 4 1 2 1 10 1 1 2 2 3 2 2 3 1 1 3 1 2 1 1 1 8 1 1 1 4 2 3 1 3
19 4 2 3 1 1 1 2 3 4 1 2 1 10 1 1 2 2 3 2 3 2 1 1 3 1 2 1 1 1 8 1 1 1 4 2 3 2 2
19 4 2 3 1 1 1 3 2 4 1 2 1 10 1 1 2 2 3 2 4 1 1 1 3 1 2 1 1 1 8 1 1 1 4 2 3 3 1
19 4 2 3 1 1 2 1 3 4 1 2 1 10 1 1 2 2 3 2 1 1 1 2 1 1 3 1 2 1 1 1 8 1 1 1 4 2 4 1 2
19 4 2 3 1 1 2 2 2 4 1 2 1 10 1 1 2 2 3 2 1 1 2 1 1 1 3 1 2 1 1 1 8 1 1 1 4 2 4 2 1
19 4 2 5 1 1 1 1 2 4 1 2 1 10 1 1 2 2 4 1 2 1 1 1 1 1 3 1 2 1 1 1 8 1 1 1 4 3 2 1 1 1 1
19 4 2 5 1 1 4 4 1 2 1 10 1 1 2 2 4 1 2 3 1 1 3 1 2 1 1 1 8 1 1 1 4 3 2 1 3
19 4 2 5 1 2 3 4 1 2 1 10 1 1 2 2 4 1 3 2 1 1 3 1 2 1 1 1 8 1 1 1 4 3 2 2 2
19 4 2 5 1 3 2 4 1 2 1 10 1 1 2 2 4 1 4 1 1 1 3 1 2 1 1 1 8 1 1 1 4 3 2 3 1
19 4 2 5 2 1 3 4 1 2 1 10 1 1 2 2 4 1 1 1 1 2 1 1 3 1 2 1 1 1 8 1 1 1 4 3 3 1 2
19 4 2 5 2 2 2 4 1 2 1 10 1 1 2 2 4 1 1 1 2 1 1 1 3 1 2 1 1 1 8 1 1 1 4 3 3 2 1
19 4 2 5 3 1 2 4 1 2 1 10 1 1 2 2 4 1 1 2 1 1 1 1 3 1 2 1 1 1 8 1 1 1 4 3 4 1 1
19 5 1 1 1 1 1 1 1 1 1 1 2 4 1 2 1 10 1 1 3 1 1 1 1 2 2 1 1 1 1 1 3 1 2 1 1 1 8 1 1 1 1 1 3 1 3 1 1 1 1
19 5 1 1 1 1 1 1 1 1 4 4 1 2 1 10 1 1 3 1 1 1 1 2 2 3 1 1 3 1 2 1 1 1 8 1 1 1 1 1 3 1 3 1 3
19 5 1 1 1 1 1 1 1 2 3 4 1 2 1 10 1 1 3 1 1 1 1 2 3 2 1 1 3 1 2 1 1 1 8 1 1 1 1 1 3 1 3 2 2
19 5 1 1 1 1 1 1 1 3 2 4 1 2 1 10 1 1 3 1 1 1 1 2 4 1 1 1 3 1 2 1 1 1 8 1 1 1 1 1 3 1 3 3 1
19 5 1 1 1 1 1 1 2 1 3 4 1 2 1 10 1 1 3 1 1 1 1 2 1 1 1 2 1 1 3 1 2 1 1 1 8 1 1 1 1 1 3 1 4 1 2
19 5 1 1 1 1 1 1 2 2 2 4 1 2 1 10 1 1 3 1 1 1 1 2 1 1 2 1 1 1 3 1 2 1 1 1 8 1 1 1 1 1 3 1 4 2 1
19 5 1 1 1 3 1 1 1 1 2 4 1 2 1 10 1 1 3 1 1 1 2 1 2 1 1 1 1 1 3 1 2 1 1 1 8 1 1 1 1 1 3 2 2 1 1 1 1
19 5 1 1 1 3 1 1 4 4 1 2 1 10 1 1 3 1 1 1 2 1 2 3 1 1 3 1 2 1 1 1 8 1 1 1 1 1 3 2 2 1 3
19 5 1 1 1 3 1 2 3 4 1 2 1 10 1 1 3 1 1 1 2 1 3 2 1 1 3 1 2 1 1 1 8 1 1 1 1 1 3 2 2 2 2
19 5 1 1 1 3 1 3 2 4 1 2 1 10 1 1 3 1 1 1 2 1 4 1 1 1 3 1 2 1 1 1 8 1 1 1 1 1 3 2 2 3 1
19 5 1 1 1 3 2 1 3 4 1 2 1 10 1 1 3 1 1 1 2 1 1 1 1 2 1 1 3 1 2 1 1 1 8 1 1 1 1 1 3 2 3 1 2
19 5 1 1 1 3 2 2 2 4 1 2 1 10 1 1 3 1 1 1 2 1 1 1 2 1 1 1 3 1 2 1 1 1 8 1 1 1 1 1 3 2 3 2 1
19 5 1 1 2 2 1 1 1 1 2 4 1 2 1 10 1 1 3 1 1 2 1 1 2 1 1 1 1 1 3 1 2 1 1 1 8 1 1 1 1 1 4 1 2 1 1 1 1
19 5 1 1 2 2 1 1 4 4 1 2 1 10 1 1 3 1 1 2 1 1 2 3 1 1 3 1 2 1 1 1 8 1 1 1 1 1 4 1 2 1 3
19 5 1 1 2 2 1 2 3 4 1 2 1 10 1 1 3 1 1 2 1 1 3 2 1 1 3 1 2 1 1 1 8 1 1 1 1 1 4 1 2 2 2
19 5 1 1 2 2 1 3 2 4 1 2 1 10 1 1 3 1 1 2 1 1 4 1 1 1 3 1 2 1 1 1 8 1 1 1 1 1 4 1 2 3 1
19 5 1 1 2 2 2 1 3 4 1 2 1 10 1 1 3 1 1 2 1 1 1 1 1 2 1 1 3 1 2 1 1 1 8 1 1 1 1 1 4 1 3 1 2
19 5 1 1 2 2 2 2 2 4 1 2 1 10 1 1 3 1 1 2 1 1 1 1 2 1 1 1 3 1 2 1 1 1 8 1 1 1 1 1 4 1 3 2 1
19 5 1 1 2 2 3 1 2 4 1 2 1 10 1 1 3 1 1 2 1 1 1 2 1 1 1 1 3 1 2 1 1 1 8 1 1 1 1 1 4 1 4 1 1
19 5 1 2 1 2 1 1 1 1 2 4 1 2 1 10 1 1 3 1 2 1 1 1 2 1 1 1 1 1 3 1 2 1 1 1 8 1 1 1 1 1 2 1 1 1 2 1 1 1 1
19 5 1 2 1 2 1 1 4 4 1 2 1 10 1 1 3 1 2 1 1 1 2 3 1 1 3 1 2 1 1 1 8 1 1 1 1 1 2 1 1 1 2 1 3
19 5 1 2 1 2 1 2 3 4 1 2 1 10 1 1 3 1 2 1 1 1 3 2 1 1 3 1 2 1 1 1 8 1 1 1 1 1 2 1 1 1 2 2 2
19 5 1 2 1 2 1 3 2 4 1 2 1 10 1 1 3 1 2 1 1 1 4 1 1 1 3 1 2 1 1 1 8 1 1 1 1 1 2 1 1 1 2 3 1
19 5 1 2 1 2 2 1 3 4 1 2 1 10 1 1 3 1 2 1 1 1 1 1 1 2 1 1 3 1 2 1 1 1 8 1 1 1 1 1 2 1 1 1 3 1 2
19 5 1 2 1 2 2 2 2 4 1 2 1 10 1 1 3 1 2 1 1 1 1 1 2 1 1 1 3 1 2 1 1 1 8 1 1 1 1 1 2 1 1 1 3 2 1
19 5 1 2 1 2 3 1 2 4 1 2 1 10 1 1 3 1 2 1 1 1 1 2 1 1 1 1 3 1 2 1 1 1 8 1 1 1 1 1 2 1 1 1 4 1 1
19 5 1 2 1 3 2 1 1 1 1 4 1 2 1 9 2 1 2 1 2 1 2 1 1 1 1 1 2 1 3 1 2 1 1 1 7 2 1 1 2 1 2 2 3 1 1
19 5 1 3 1 1 1 1 1 1 2 4 1 2 1 10 1 1 3 1 3 2 2 1 1 1 1 1 3 1 2 1 1 1 8 1 1 1 1 1 2 2 3 1 1 1 1
19 5 1 3 1 1 1 1 4 4 1 2 1 10 1 1 3 1 3 2 2 3 1 1 3 1 2 1 1 1 8 1 1 1 1 1 2 2 3 1 3
19 5 1 3 1 1 1 2 3 4 1 2 1 10 1 1 3 1 3 2 3 2 1 1 3 1 2 1 1 1 8 1 1 1 1 1 2 2 3 2 2
19 5 1 3 1 1 1 3 2 4 1 2 1 10 1 1 3 1 3 2 4 1 1 1 3 1 2 1 1 1 8 1 1 1 1 1 2 2 3 3 1
19 5 1 3 1 1 2 1 3 4 1 2 1 10 1 1 3 1 3 2 1 1 1 2 1 1 3 1 2 1 1 1 8 1 1 1 1 1 2 2 4 1 2
19 5 1 3 1 1 2 2 2 4 1 2 1 10 1 1 3 1 3 2 1 1 2 1 1 1 3 1 2 1 1 1 8 1 1 1 1 1 2 2 4 2 1
19 5 1 5 1 1 1 1 2 4 1 2 1 10 1 1 3 1 4 1 2 1 1 1 1 1 3 1 2 1 1 1 8 1 1 1 1 1 2 3 2 1 1 1 1
19 5 1 5 1 1 4 4 1 2 1 10 1 1 3 1 4 1 2 3 1 1 3 1 2 1 1 1 8 1 1 1 1 1 2 3 2 1 3
19 5 1 5 1 2 3 4 1 2 1 10 1 1 3 1 4 1 3 2 1 1 3 1 2 1 1 1 8 1 1 1 1 1 2 3 2 2 2
19 5 1 5 1 3 2 4 1 2 1 10 1 1 3 1 4 1 4 1 1 1 3 1 2 1 1 1 8 1 1 1 1 1 2 3 2 3 1
19 5 1 5 2 1 3 4 1 2 1 10 1 1 3 1 4 1 1 1 1 2 1 1 3 1 2 1 1 1 8 1 1 1 1 1 2 3 3 1 2
19 5 1 5 2 2 2 4 1 2 1 10 1 1 3 1 4 1 1 1 2 1 1 1 3 1 2 1 1 1 8 1 1 1 1 1 2 3 3 2 1
19 5 1 6 2 1 1 1 1 4 1 2 1 9 2 1 2 1 5 1 1 1 1 1 2 1 3 1 2 1 1 1 7 2 1 1 2 1 1 3 3 1 1
19 5 2 1 1 1 1 1 2 1 1 1 1 4 1 2 1 9 2 1 2 2 1 1 1 2 1 1 1 1 2 1 3 1 2 1 1 1 7 2 1 1 5 1 4 1 1
19 5 2 1 1 3 2 1 1 1 1 4 1 2 1 9 2 1 2 2 1 1 2 1 1 1 1 1 2 1 3 1 2 1 1 1 7 2 1 1 5 2 3 1 1
19 5 2 2 2 1 1 2 1 7 1 1 1 2 1 3 1 2 3 1 1 2 1 5 2 1 9 1 2 1 4 1 1 4 3 1 6 1 1
19 5 2 3 1 1 1 2 1 7 1 1 1 2 1 3 1 2 3 1 1 2 1 1 1 3 2 1 9 1 2 1 4 1 1 4 3 1 1 1 4 1 1
19 5 2 3 1 1 2 1 1 1 1 4 1 2 1 9 2 1 2 2 3 2 1 1 1 1 2 1 3 1 2 1 1 1 7 2 1 1 4 2 4 1 1
19 5 2 3 1 3 2 7 1 1 1 2 1 3 1 2 3 1 1 2 1 1 1 2 2 2 9 1 2 1 4 1 1 4 3 1 1 1 2 1 3
19 5 2 5 2 1 1 1 1 4 1 2 1 9 2 1 2 2 4 1 1 1 1 1 2 1 3 1 2 1 1 1 7 2 1 1 4 3 3 1 1
19 5 2 7 2 7 1 1 1 2 1 3 1 2 3 1 1 2 1 1 2 1 2 2 9 1 2 1 4 1 1 4 3 1 1 2 1 1 3
19 5 3 1 2 1 1 2 1 7 1 1 1 2 1 3 1 2 3 1 1 8 2 1 9 1 2 1 4 1 1 4 10 1 1
19 5 3 2 1 1 1 2 1 7 1 1 1 2 1 3 1 2 3 1 1 4 1 3 2 1 9 1 2 1 4 1 1 4 5 1 4 1 1
19 5 3 2 1 3 2 7 1 1 1 2 1 3 1 2 3 1 1 4 1 2 2 2 9 1 2 1 4 1 1 4 5 1 2 1 3
19 5 3 6 2 7 1 1 1 2 1 3 1 2 3 1 1 4 2 1 2 2 9 1 2 1 4 1 1 4 5 2 1 1 3
19 6 1 1 1 1 1 1 2 1 1 1 1 4 1 2 1 9 2 1 3 1 1 1 1 2 1 1 1 1 2 1 3 1 2 1 1 1 7 2 1 1 1 1 3 1 4 1 1
19 6 1 1 1 1 1 2 1 1 1 8 1 1 1 2 1 3 1 1 4 1 1 1 1 3 1 2 1 1 10 1 2 1 4 6 2 1 3 1 4
19 6 1 1 1 1 1 4 1 8 1 1 1 2 1 3 1 1 4 1 1 1 1 3 1 1 2 1 10 1 2 1 4 6 2 1 3 1 1 1 2
19 6 1 1 1 1 2 3 1 8 1 1 1 2 1 3 1 1 4 1 1 1 1 5 2 1 10 1 2 1 4 6 2 1 5 1 2
19 6 1 1 1 2 1 1 1 1 1 8 1 1 1 2 1 3 1 1 4 1 1 1 1 2 1 3 1 1 10 1 2 1 4 6 2 1 2 1 5
19 6 1 1 1 2 1 2 2 9 1 8 1 1 4 1 2 1 2 1 2 1 10 1 1 1 2 1 3 6 2 1 1 1 2 1 3
19 6 1 1 1 2 1 3 1 8 1 1 1 2 1 3 1 1 4 1 1 1 1 2 1 2 2 1 10 1 2 1 4 6 2 1 2 1 2 1 2
19 6 1 1 1 4 1 1 1 8 1 1 1 2 1 3 1 1 4 1 1 1 1 2 2 2 1 1 10 1 2 1 4 6 2 1 2 2 4
19 6 1 1 1 6 1 8 1 1 1 2 1 3 1 1 4 1 1 1 1 2 2 1 2 1 10 1 2 1 4 6 2 1 2 2 1 1 2
19 6 1 1 2 1 2 2 1 4 1 4 1 2 1 6 5 2 1 2 1 2 1 1 6 1 3 1 2 1 1 1 4 5 8 1 2
19 6 1 1 2 2 1 2 1 4 1 4 1 2 1 6 5 2 1 2 2 1 1 1 6 1 3 1 2 1 1 1 4 5 6 1 1 1 2
19 6 1 1 2 2 2 1 1 4 1 4 1 2 1 6 5 2 1 2 2 3 6 1 3 1 2 1 1 1 4 5 6 1 4
19 6 1 1 2 3 1 1 1 4 1 4 1 2 1 6 5 2 1 2 3 2 6 1 3 1 2 1 1 1 4 5 6 2 3
19 6 1 1 2 5 1 4 1 4 1 2 1 6 5 2 1 2 4 1 6 1 3 1 2 1 1 1 4 5 6 3 2
19 6 1 2 1 1 1 1 1 1 1 4 1 4 1 2 1 6 5 2 2 1 1 1 1 2 6 1 3 1 2 1 1 1 4 5 3 1 3 1 3
19 6 1 2 1 1 1 1 3 4 1 4 1 10 4 2 2 1 1 1 1 2 10 1 4 1 4 5 2 2 3 1 3
19 6 1 2 1 1 1 2 2 4 1 4 1 10 4 2 2 1 1 1 2 1 10 1 4 1 4 5 2 2 3 2 2
19 6 1 2 1 1 1 3 1 4 1 4 1 10 4 2 2 1 1 1 13 1 4 1 4 5 2 2 3 3 1
19 6 1 2 1 1 1 3 1 4 1 4 1 2 1 6 5 2 2 1 1 1 2 1 6 1 3 1 2 1 1 1 4 5 3 1 3 2 2
19 6 1 2 1 1 2 2 1 4 1 4 1 2 1 6 5 2 2 1 1 2 1 1 6 1 3 1 2 1 1 1 4 5 3 1 4 1 2
19 6 1 2 1 2 1 2 1 4 1 4 1 2 1 6 5 2 2 1 2 1 1 1 6 1 3 1 2 1 1 1 4 5 3 1 2 1 1 1 2
19 6 1 2 1 2 2 1 1 4 1 4 1 2 1 6 5 2 2 1 2 3 6 1 3 1 2 1 1 1 4 5 3 1 2 1 4
19 6 1 2 1 3 1 1 1 4 1 4 1 2 1 6 5 2 2 1 3 2 6 1 3 1 2 1 1 1 4 5 3 1 2 2 3
19 6 1 2 1 5 1 4 1 4 1 2 1 6 5 2 2 1 4 1 6 1 3 1 2 1 1 1 4 5 3 1 2 3 2
19 6 1 3 1 1 2 1 1 1 1 4 1 2 1 9 2 1 3 1 3 2 1 1 1 1 2 1 3 1 2 1 1 1 7 2 1 1 1 1 2 2 4 1 1
19 6 1 3 1 2 1 1 1 8 1 1 1 2 1 3 1 1 4 1 1 1 2 2 1 2 1 1 10 1 2 1 4 6 2 2 2 1 4
19 6 1 3 1 3 2 7 1 1 1 2 1 3 1 2 3 1 2 1 1 1 1 2 2 2 9 1 2 1 4 1 1 4 1 1 1 1 1 1 2 1 3
19 6 1 3 1 4 1 8 1 1 1 2 1 3 1 1 4 1 1 1 2 2 1 1 2 1 10 1 2 1 4 6 2 2 2 1 1 1 2
19 6 1 3 2 3 1 8 1 1 1 2 1 3 1 1 4 1 1 1 2 4 2 1 10 1 2 1 4 6 2 2 4 1 2
19 6 1 4 1 1 1 1 1 4 1 4 1 2 1 6 5 2 4 1 1 2 6 1 3 1 2 1 1 1 4 5 3 2 2 1 3
19 6 1 4 1 1 1 1 1 8 1 1 1 2 1 3 1 1 4 1 1 1 2 1 1 3 1 1 10 1 2 1 4 6 2 2 1 1 5
19 6 1 4 1 1 3 4 1 4 1 10 4 2 4 1 1 2 10 1 4 1 4 5 2 3 2 1 3
19 6 1 4 1 2 2 4 1 4 1 10 4 2 4 1 2 1 10 1 4 1 4 5 2 3 2 2 2
19 6 1 4 1 3 1 4 1 4 1 10 4 2 4 1 13 1 4 1 4 5 2 3 2 3 1
19 6 1 4 1 3 1 4 1 4 1 2 1 6 5 2 4 1 2 1 6 1 3 1 2 1 1 1 4 5 3 2 2 2 2
19 6 1 4 1 3 1 8 1 1 1 2 1 3 1 1 4 1 1 1 2 1 1 2 2 1 10 1 2 1 4 6 2 2 1 1 2 1 2
19 6 1 4 2 2 1 4 1 4 1 2 1 6 5 2 4 2 1 1 6 1 3 1 2 1 1 1 4 5 3 2 3 1 2
19 6 1 5 1 2 1 4 1 4 1 2 1 6 5 2 5 1 1 1 6 1 3 1 2 1 1 1 4 5 3 2 1 1 1 1 2
19 6 1 5 2 1 1 1 1 4 1 2 1 9 2 1 3 1 4 1 1 1 1 1 2 1 3 1 2 1 1 1 7 2 1 1 1 1 2 3 3 1 1
19 6 1 5 2 1 1 4 1 4 1 2 1 6 5 2 5 3 6 1 3 1 2 1 1 1 4 5 3 2 1 1 4
19 6 1 5 4 1 1 4 1 2 1 9 2 1 3 1 4 1 1 3 2 1 3 1 2 1 1 1 7 2 1 1 1 1 2 3 5
19 6 1 6 1 1 1 8 1 1 1 2 1 3 1 1 4 1 1 1 2 1 2 2 1 1 10 1 2 1 4 6 2 2 1 2 4
19 6 1 7 2 7 1 1 1 2 1 3 1 2 3 1 2 1 1 1 2 1 2 2 9 1 2 1 4 1 1 4 1 1 1 1 1 2 1 1 3
19 6 1 8 1 4 1 4 1 2 1 6 5 2 7 1 6 1 3 1 2 1 1 1 4 5 3 2 1 3 2
19 6 1 8 1 8 1 1 1 2 1 3 1 1 4 1 1 1 2 1 2 1 2 1 10 1 2 1 4 6 2 2 1 2 1 1 2
19 6 2 1 1 1 1 1 1 1 1 4 1 1 1 2 1 3 1 6 4 5 1 1 1 1 1 1 6 1 2 1 4 1 4 1 1 3 7 1 1 1 1
19 6 2 1 1 1 1 1 3 4 1 1 1 2 1 3 1 6 4 5 1 1 1 3 6 1 2 1 4 1 4 1 1 3 7 1 3
19 6 2 1 1 1 1 2 2 4 1 4 1 10 4 3 1 1 1 1 2 1 10 1 4 1 4 5 3 1 3 2 2
19 6 2 1 1 2 2 1 1 4 1 1 1 2 1 3 1 6 4 5 2 2 1 1 6 1 2 1 4 1 4 1 1 3 6 1 2 1 1
19 6 2 1 1 2 4 4 1 1 1 2 1 3 1 6 4 5 2 4 6 1 2 1 4 1 4 1 1 3 6 1 4
19 6 2 1 1 3 1 1 1 4 1 1 1 2 1 3 1 6 4 5 3 1 1 1 6 1 2 1 4 1 4 1 1 3 6 2 1 1 1
19 6 2 1 1 3 3 4 1 1 1 2 1 3 1 6 4 5 3 3 6 1 2 1 4 1 4 1 1 3 6 2 3
19 6 2 1 2 3 2 7 1 1 1 2 1 3 1 2 3 1 2 6 2 2 9 1 2 1 4 1 1 4 1 1 6 1 3
19 6 2 2 1 1 1 1 2 7 1 1 1 2 1 3 1 2 3 1 2 3 1 3 1 2 9 1 2 1 4 1 1 4 1 1 3 1 6
19 6 2 2 1 2 1 1 1 8 1 1 1 2 1 3 1 1 4 1 1 2 1 2 1 2 1 1 10 1 2 1 4 6 3 1 2 1 4
19 6 2 2 1 3 2 7 1 1 1 2 1 3 1 2 3 1 2 3 1 2 2 2 9 1 2 1 4 1 1 4 1 1 3 1 2 1 3
19 6 2 2 1 4 1 8 1 1 1 2 1 3 1 1 4 1 1 2 1 2 1 1 2 1 10 1 2 1 4 6 3 1 2 1 1 1 2
19 6 2 2 2 3 1 8 1 1 1 2 1 3 1 1 4 1 1 2 1 4 2 1 10 1 2 1 4 6 3 1 4 1 2
19 6 2 3 1 1 1 1 1 4 1 1 1 2 1 3 1 6 4 4 2 1 1 1 1 1 6 1 2 1 4 1 4 1 1 3 4 1 2 1 1 1 1
19 6 2 3 1 1 1 1 1 8 1 1 1 2 1 3 1 1 4 1 1 2 1 1 1 3 1 1 10 1 2 1 4 6 3 1 1 1 5
19 6 2 3 1 1 3 4 1 1 1 2 1 3 1 6 4 4 2 1 1 3 6 1 2 1 4 1 4 1 1 3 4 1 2 1 3
19 6 2 3 1 2 2 4 1 4 1 10 4 3 3 1 2 1 10 1 4 1 4 5 3 2 2 2 2
19 6 2 3 1 3 1 8 1 1 1 2 1 3 1 1 4 1 1 2 1 1 1 2 2 1 10 1 2 1 4 6 3 1 1 1 2 1 2
19 6 2 3 3 1 1 4 1 1 1 2 1 3 1 6 4 4 2 3 1 1 6 1 2 1 4 1 4 1 1 3 4 1 4 1 1
19 6 2 3 5 4 1 1 1 2 1 3 1 6 4 4 2 5 6 1 2 1 4 1 4 1 1 3 4 1 6
19 6 2 4 2 1 1 4 1 1 1 2 1 3 1 6 4 4 3 2 1 1 6 1 2 1 4 1 4 1 1 3 4 1 1 1 2 1 1
19 6 2 4 4 4 1 1 1 2 1 3 1 6 4 4 3 4 6 1 2 1 4 1 4 1 1 3 4 1 1 1 4
19 6 2 5 1 1 1 4 1 1 1 2 1 3 1 6 4 4 4 1 1 1 6 1 2 1 4 1 4 1 1 3 4 1 1 2 1 1 1
19 6 2 5 1 1 1 8 1 1 1 2 1 3 1 1 4 1 1 2 1 1 2 2 1 1 10 1 2 1 4 6 3 1 1 2 4
19 6 2 5 3 4 1 1 1 2 1 3 1 6 4 4 4 3 6 1 2 1 4 1 4 1 1 3 4 1 1 2 3
19 6 2 6 2 7 1 1 1 2 1 3 1 2 3 1 2 3 2 1 2 2 9 1 2 1 4 1 1 4 1 1 3 2 1 1 3
19 6 2 7 1 8 1 1 1 2 1 3 1 1 4 1 1 2 1 1 2 1 2 1 10 1 2 1 4 6 3 1 1 2 1 1 2
19 6 3 1 1 2 1 1 1 8 1 1 1 2 1 3 1 1 4 1 1 5 1 2 1 1 10 1 2 1 4 6 6 1 4
19 6 3 1 1 4 1 8 1 1 1 2 1 3 1 1 4 1 1 5 1 1 2 1 10 1 2 1 4 6 6 1 1 1 2
19 6 3 1 2 3 1 8 1 1 1 2 1 3 1 1 4 1 1 7 2 1 10 1 2 1 4 6 8 1 2
19 6 3 2 1 1 1 1 1 8 1 1 1 2 1 3 1 1 4 1 1 4 1 3 1 1 10 1 2 1 4 6 5 1 5
19 6 3 2 1 2 2 9 1 8 1 1 4 1 1 2 2 1 2 1 10 1 1 1 2 1 3 6 4 1 2 1 3
19 6 3 2 1 3 1 8 1 1 1 2 1 3 1 1 4 1 1 4 1 2 2 1 10 1 2 1 4 6 5 1 2 1 2
19 6 3 4 1 1 1 8 1 1 1 2 1 3 1 1 4 1 1 4 2 2 1 1 10 1 2 1 4 6 5 2 4
19 6 3 6 1 8 1 1 1 2 1 3 1 1 4 1 1 4 2 1 2 1 10 1 2 1 4 6 5 2 1 1 2
19 6 4 1 3 1 1 4 1 4 1 10 4 5 1 3 11 1 4 1 4 5 9 1 1
19 7 1 1 1 1 1 1 1 1 1 4 1 1 1 2 1 3 1 6 4 1 1 3 1 1 1 1 1 1 6 1 2 1 4 1 4 1 1 3 1 1 5 1 1 1 1
19 7 1 1 1 1 1 1 3 4 1 1 1 2 1 3 1 6 4 1 1 3 1 1 1 3 6 1 2 1 4 1 4 1 1 3 1 1 5 1 3
19 7 1 1 1 1 1 2 2 4 1 1 1 2 1 3 1 6 4 1 1 3 1 1 2 2 6 1 2 1 4 1 4 1 1 3 1 1 5 2 2
19 7 1 1 1 1 1 2 2 4 1 4 1 10 4 1 1 1 1 1 1 1 2 1 10 1 4 1 4 5 1 1 1 1 3 2 2
19 7 1 1 1 1 1 3 1 4 1 1 1 2 1 3 1 6 4 1 1 3 1 1 3 1 6 1 2 1 4 1 4 1 1 3 1 1 5 3 1
19 7 1 1 1 1 2 1 2 4 1 1 1 2 1 3 1 6 4 1 1 3 1 2 1 2 6 1 2 1 4 1 4 1 1 3 1 1 6 1 2
19 7 1 1 1 1 2 2 1 4 1 1 1 2 1 3 1 6 4 1 1 3 1 2 2 1 6 1 2 1 4 1 4 1 1 3 1 1 6 2 1
19 7 1 1 1 1 2 2 1 4 1 4 1 10 4 1 1 1 1 1 1 2 12 1 4 1 4 5 1 1 1 1 4 2 1
19 7 1 1 1 2 1 1 2 4 1 1 1 2 1 3 1 6 4 1 1 3 2 1 1 2 6 1 2 1 4 1 4 1 1 3 1 1 4 1 1 1 2
19 7 1 1 1 2 1 2 1 4 1 1 1 2 1 3 1 6 4 1 1 3 2 1 2 1 6 1 2 1 4 1 4 1 1 3 1 1 4 1 1 2 1
19 7 1 1 1 2 2 1 1 4 1 1 1 2 1 3 1 6 4 1 1 3 2 2 1 1 6 1 2 1 4 1 4 1 1 3 1 1 4 1 2 1 1
19 7 1 1 1 2 4 4 1 1 1 2 1 3 1 6 4 1 1 3 2 4 6 1 2 1 4 1 4 1 1 3 1 1 4 1 4
19 7 1 1 1 2 4 4 1 4 1 10 4 1 1 1 1 1 2 3 10 1 4 1 4 5 1 1 1 1 2 1 4
19 7 1 1 1 3 1 1 1 4 1 1 1 2 1 3 1 6 4 1 1 3 3 1 1 1 6 1 2 1 4 1 4 1 1 3 1 1 4 2 1 1 1
19 7 1 1 1 3 3 4 1 1 1 2 1 3 1 6 4 1 1 3 3 3 6 1 2 1 4 1 4 1 1 3 1 1 4 2 3
19 7 1 1 1 4 2 4 1 1 1 2 1 3 1 6 4 1 1 3 4 2 6 1 2 1 4 1 4 1 1 3 1 1 4 3 2
19 7 1 1 1 4 2 4 1 4 1 10 4 1 1 1 1 1 4 1 10 1 4 1 4 5 1 1 1 1 2 3 2
19 7 1 1 1 5 1 4 1 1 1 2 1 3 1 6 4 1 1 3 5 1 6 1 2 1 4 1 4 1 1 3 1 1 4 4 1
19 7 1 2 1 4 1 8 1 1 1 2 1 3 1 1 4 1 2 1 1 2 1 1 2 1 10 1 2 1 4 6 1 1 1 1 2 1 1 1 2
19 7 1 2 2 3 1 8 1 1 1 2 1 3 1 1 4 1 2 1 1 4 2 1 10 1 2 1 4 6 1 1 1 1 4 1 2
19 7 1 3 1 1 1 1 1 4 1 1 1 2 1 3 1 6 4 1 1 2 2 1 1 1 1 1 6 1 2 1 4 1 4 1 1 3 1 1 2 1 2 1 1 1 1
19 7 1 3 1 1 1 1 1 8 1 1 1 2 1 3 1 1 4 1 2 1 1 1 1 3 1 1 10 1 2 1 4 6 1 1 1 1 1 1 5
19 7 1 3 1 1 1 1 2 4 1 2 1 10 1 1 5 1 2 1 2 1 1 1 1 1 3 1 2 1 1 1 8 1 1 1 1 2 2 2 2 1 1 1 1
19 7 1 3 1 1 3 4 1 1 1 2 1 3 1 6 4 1 1 2 2 1 1 3 6 1 2 1 4 1 4 1 1 3 1 1 2 1 2 1 3
19 7 1 3 1 1 4 4 1 2 1 10 1 1 5 1 2 1 2 3 1 1 3 1 2 1 1 1 8 1 1 1 1 2 2 2 2 1 3
19 7 1 3 1 2 2 4 1 1 1 2 1 3 1 6 4 1 1 2 2 1 2 2 6 1 2 1 4 1 4 1 1 3 1 1 2 1 2 2 2
19 7 1 3 1 2 2 4 1 4 1 10 4 1 1 1 3 1 2 1 10 1 4 1 4 5 1 1 1 2 2 2 2
19 7 1 3 1 2 3 4 1 2 1 10 1 1 5 1 2 1 3 2 1 1 3 1 2 1 1 1 8 1 1 1 1 2 2 2 2 2 2
19 7 1 3 1 3 1 4 1 1 1 2 1 3 1 6 4 1 1 2 2 1 3 1 6 1 2 1 4 1 4 1 1 3 1 1 2 1 2 3 1
19 7 1 3 1 3 1 8 1 1 1 2 1 3 1 1 4 1 2 1 1 1 1 2 2 1 10 1 2 1 4 6 1 1 1 1 1 1 2 1 2
19 7 1 3 1 3 2 4 1 2 1 10 1 1 5 1 2 1 4 1 1 1 3 1 2 1 1 1 8 1 1 1 1 2 2 2 2 3 1
19 7 1 3 2 1 2 4 1 1 1 2 1 3 1 6 4 1 1 2 2 2 1 2 6 1 2 1 4 1 4 1 1 3 1 1 2 1 3 1 2
19 7 1 3 2 1 3 4 1 2 1 10 1 1 5 1 2 1 1 1 1 2 1 1 3 1 2 1 1 1 8 1 1 1 1 2 2 2 3 1 2
19 7 1 3 2 2 1 4 1 1 1 2 1 3 1 6 4 1 1 2 2 2 2 1 6 1 2 1 4 1 4 1 1 3 1 1 2 1 3 2 1
19 7 1 3 2 2 1 4 1 4 1 10 4 1 1 1 3 2 12 1 4 1 4 5 1 1 1 2 3 2 1
19 7 1 3 2 2 2 4 1 2 1 10 1 1 5 1 2 1 1 1 2 1 1 1 3 1 2 1 1 1 8 1 1 1 1 2 2 2 3 2 1
19 7 1 3 3 1 1 4 1 1 1 2 1 3 1 6 4 1 1 2 2 3 1 1 6 1 2 1 4 1 4 1 1 3 1 1 2 1 4 1 1
19 7 1 3 3 1 2 4 1 2 1 10 1 1 5 1 2 1 1 2 1 1 1 1 3 1 2 1 1 1 8 1 1 1 1 2 2 2 4 1 1
19 7 1 3 5 4 1 1 1 2 1 3 1 6 4 1 1 2 2 5 6 1 2 1 4 1 4 1 1 3 1 1 2 1 6
19 7 1 3 6 4 1 2 1 10 1 1 5 1 2 1 1 4 1 1 3 1 2 1 1 1 8 1 1 1 1 2 2 2 6
19 7 1 4 1 1 2 4 1 1 1 2 1 3 1 6 4 1 1 2 3 1 1 2 6 1 2 1 4 1 4 1 1 3 1 1 2 1 1 1 1 1 2
19 7 1 4 1 2 1 4 1 1 1 2 1 3 1 6 4 1 1 2 3 1 2 1 6 1 2 1 4 1 4 1 1 3 1 1 2 1 1 1 1 2 1
19 7 1 4 2 1 1 4 1 1 1 2 1 3 1 6 4 1 1 2 3 2 1 1 6 1 2 1 4 1 4 1 1 3 1 1 2 1 1 1 2 1 1
19 7 1 4 4 4 1 1 1 2 1 3 1 6 4 1 1 2 3 4 6 1 2 1 4 1 4 1 1 3 1 1 2 1 1 1 4
19 7 1 5 1 1 1 4 1 1 1 2 1 3 1 6 4 1 1 2 4 1 1 1 6 1 2 1 4 1 4 1 1 3 1 1 2 1 1 2 1 1 1
19 7 1 5 1 1 1 8 1 1 1 2 1 3 1 1 4 1 2 1 1 1 2 2 1 1 10 1 2 1 4 6 1 1 1 1 1 2 4
19 7 1 5 3 4 1 1 1 2 1 3 1 6 4 1 1 2 4 3 6 1 2 1 4 1 4 1 1 3 1 1 2 1 1 2 3
19 7 1 7 1 8 1 1 1 2 1 3 1 1 4 1 2 1 1 1 2 1 2 1 10 1 2 1 4 6 1 1 1 1 1 2 1 1 2
19 7 2 1 1 4 1 8 1 1 1 2 1 3 1 1 4 1 2 4 1 1 2 1 10 1 2 1 4 6 1 1 4 1 1 1 2
19 7 2 1 2 3 1 8 1 1 1 2 1 3 1 1 4 1 2 6 2 1 10 1 2 1 4 6 1 1 6 1 2
19 7 2 2 1 1 1 1 1 8 1 1 1 2 1 3 1 1 4 1 2 3 1 3 1 1 10 1 2 1 4 6 1 1 3 1 5
19 7 2 2 1 1 1 1 2 4 1 2 1 10 1 1 5 2 1 1 2 1 1 1 1 1 3 1 2 1 1 1 8 1 1 1 1 2 3 1 2 1 1 1 1
19 7 2 2 1 1 4 4 1 2 1 10 1 1 5 2 1 1 2 3 1 1 3 1 2 1 1 1 8 1 1 1 1 2 3 1 2 1 3
19 7 2 2 1 2 3 4 1 2 1 10 1 1 5 2 1 1 3 2 1 1 3 1 2 1 1 1 8 1 1 1 1 2 3 1 2 2 2
19 7 2 2 1 3 1 8 1 1 1 2 1 3 1 1 4 1 2 3 1 2 2 1 10 1 2 1 4 6 1 1 3 1 2 1 2
19 7 2 2 1 3 2 4 1 2 1 10 1 1 5 2 1 1 4 1 1 1 3 1 2 1 1 1 8 1 1 1 1 2 3 1 2 3 1
19 7 2 2 2 1 3 4 1 2 1 10 1 1 5 2 1 1 1 1 1 2 1 1 3 1 2 1 1 1 8 1 1 1 1 2 3 1 3 1 2
19 7 2 2 2 2 2 4 1 2 1 10 1 1 5 2 1 1 1 1 2 1 1 1 3 1 2 1 1 1 8 1 1 1 1 2 3 1 3 2 1
19 7 2 2 3 1 2 4 1 2 1 10 1 1 5 2 1 1 1 2 1 1 1 1 3 1 2 1 1 1 8 1 1 1 1 2 3 1 4 1 1
19 7 2 2 6 4 1 2 1 10 1 1 5 2 1 1 1 4 1 1 3 1 2 1 1 1 8 1 1 1 1 2 3 1 6
19 7 2 4 1 1 1 8 1 1 1 2 1 3 1 1 4 1 2 3 2 2 1 1 10 1 2 1 4 6 1 1 3 2 4
19 7 2 6 1 8 1 1 1 2 1 3 1 1 4 1 2 3 2 1 2 1 10 1 2 1 4 6 1 1 3 2 1 1 2
19 7 3 1 1 2 2 4 1 4 1 10 4 1 1 3 1 1 2 1 10 1 4 1 4 5 1 1 5 2 2
19 7 3 1 3 1 1 4 1 4 1 10 4 1 1 3 1 3 11 1 4 1 4 5 1 1 7 1 1
19 8 1 1 1 4 1 8 1 1 1 2 1 3 1 1 4 1 3 3 1 1 2 1 10 1 2 1 4 6 1 2 3 1 1 1 2
19 8 1 1 2 3 1 8 1 1 1 2 1 3 1 1 4 1 3 5 2 1 10 1 2 1 4 6 1 2 5 1 2
19 8 1 2 1 1 1 1 2 4 1 2 1 10 1 1 6 1 1 1 2 1 1 1 1 1 3 1 2 1 1 1 8 1 1 1 1 2 1 1 1 1 2 1 1 1 1
19 8 1 2 1 1 4 4 1 2 1 10 1 1 6 1 1 1 2 3 1 1 3 1 2 1 1 1 8 1 1 1 1 2 1 1 1 1 2 1 3
19 8 1 2 1 2 3 4 1 2 1 10 1 1 6 1 1 1 3 2 1 1 3 1 2 1 1 1 8 1 1 1 1 2 1 1 1 1 2 2 2
19 8 1 2 1 3 1 8 1 1 1 2 1 3 1 1 4 1 3 2 1 2 2 1 10 1 2 1 4 6 1 2 2 1 2 1 2
19 8 1 2 1 3 2 4 1 2 1 10 1 1 6 1 1 1 4 1 1 1 3 1 2 1 1 1 8 1 1 1 1 2 1 1 1 1 2 3 1
19 8 1 2 2 1 3 4 1 2 1 10 1 1 6 1 1 1 1 1 1 2 1 1 3 1 2 1 1 1 8 1 1 1 1 2 1 1 1 1 3 1 2
19 8 1 2 2 2 2 4 1 2 1 10 1 1 6 1 1 1 1 1 2 1 1 1 3 1 2 1 1 1 8 1 1 1 1 2 1 1 1 1 3 2 1
19 8 1 2 3 1 2 4 1 2 1 10 1 1 6 1 1 1 1 2 1 1 1 1 3 1 2 1 1 1 8 1 1 1 1 2 1 1 1 1 4 1 1
19 8 1 2 6 4 1 2 1 10 1 1 6 1 1 1 1 4 1 1 3 1 2 1 1 1 8 1 1 1 1 2 1 1 1 1 6
19 8 1 3 1 2 1 4 1 4 1 2 1 6 5 1 2 1 3 1 1 1 6 1 3 1 2 1 1 1 4 5 1 1 2 1 1 1 1 1 2
19 8 1 6 1 8 1 1 1 2 1 3 1 1 4 1 3 2 2 1 2 1 10 1 2 1 4 6 1 2 2 2 1 1 2
19 8 2 1 1 2 2 4 1 4 1 10 4 1 2 2 1 1 2 1 10 1 4 1 4 5 1 2 4 2 2
19 8 2 1 2 2 1 4 1 4 1 2 1 6 5 1 2 2 1 2 1 1 6 1 3 1 2 1 1 1 4 5 1 1 6 1 2
19 8 2 2 1 2 1 4 1 4 1 2 1 6 5 1 2 2 2 1 1 1 6 1 3 1 2 1 1 1 4 5 1 1 4 1 1 1 2
19 8 2 2 2 1 1 4 1 4 1 2 1 6 5 1 2 2 2 3 6 1 3 1 2 1 1 1 4 5 1 1 4 1 4
19 8 2 3 1 1 1 4 1 4 1 2 1 6 5 1 2 2 3 2 6 1 3 1 2 1 1 1 4 5 1 1 4 2 3
19 8 2 5 1 4 1 4 1 2 1 6 5 1 2 2 4 1 6 1 3 1 2 1 1 1 4 5 1 1 4 3 2
19 9 1 1 1 1 3 4 1 4 1 10 4 1 3 1 1 1 1 2 10 1 4 1 4 5 1 3 3 1 3
19 9 1 1 1 2 2 4 1 1 1 2 1 3 1 6 4 1 2 2 1 1 2 2 6 1 2 1 4 1 4 1 1 3 1 2 4 2 2
19 9 1 1 1 2 2 4 1 4 1 10 4 1 3 1 1 1 2 1 10 1 4 1 4 5 1 3 3 2 2
19 9 1 1 1 3 1 4 1 1 1 2 1 3 1 6 4 1 2 2 1 1 3 1 6 1 2 1 4 1 4 1 1 3 1 2 4 3 1
19 9 1 1 1 3 1 4 1 4 1 10 4 1 3 1 1 1 13 1 4 1 4 5 1 3 3 3 1
19 9 1 1 1 3 1 4 1 4 1 2 1 6 5 1 3 1 1 1 2 1 6 1 3 1 2 1 1 1 4 5 1 1 1 1 3 2 2
19 9 1 1 2 1 2 4 1 1 1 2 1 3 1 6 4 1 2 2 1 2 1 2 6 1 2 1 4 1 4 1 1 3 1 2 5 1 2
19 9 1 1 2 2 1 4 1 1 1 2 1 3 1 6 4 1 2 2 1 2 2 1 6 1 2 1 4 1 4 1 1 3 1 2 5 2 1
19 9 1 1 2 2 1 4 1 4 1 10 4 1 3 1 1 2 12 1 4 1 4 5 1 3 4 2 1
19 9 1 1 2 2 1 4 1 4 1 2 1 6 5 1 3 1 1 2 1 1 6 1 3 1 2 1 1 1 4 5 1 1 1 1 4 1 2
19 9 1 1 3 1 1 4 1 4 1 2 1 6 5 1 3 1 1 4 6 1 3 1 2 1 1 1 4 5 1 1 1 1 7
19 9 1 2 1 2 1 4 1 4 1 2 1 6 5 1 3 1 2 1 1 1 6 1 3 1 2 1 1 1 4 5 1 1 1 1 2 1 1 1 2
19 9 1 2 2 1 1 4 1 4 1 2 1 6 5 1 3 1 2 3 6 1 3 1 2 1 1 1 4 5 1 1 1 1 2 1 4
19 9 1 2 4 4 1 4 1 10 4 1 3 1 2 3 10 1 4 1 4 5 1 3 2 1 4
19 9 1 3 1 1 1 4 1 4 1 2 1 6 5 1 3 1 3 2 6 1 3 1 2 1 1 1 4 5 1 1 1 1 2 2 3
19 9 1 3 3 4 1 4 1 10 4 1 3 1 3 2 10 1 4 1 4 5 1 3 2 2 3
19 9 1 4 2 4 1 4 1 10 4 1 3 1 4 1 10 1 4 1 4 5 1 3 2 3 2
19 9 1 5 1 4 1 4 1 10 4 1 3 1 15 1 4 1 4 5 1 3 2 4 1
19 9 1 5 1 4 1 4 1 2 1 6 5 1 3 1 4 1 6 1 3 1 2 1 1 1 4 5 1 1 1 1 2 3 2