22 1 1 2 1 1 1 1 1 13 1 1 1 2 1 3 1 3 1 2 1 1 1 3 1 1 13 1 2 1 4 1 2 1 1 1 2 1 3 1 1 1 1
22 1 1 2 1 1 1 15 1 1 1 2 1 3 1 3 1 2 1 1 1 2 2 1 13 1 2 1 4 1 2 1 1 1 2 1 2 2 1 1 1
22 1 1 2 1 17 1 1 1 2 1 3 1 3 1 2 1 1 2 1 2 1 13 1 2 1 4 1 2 1 1 1 2 2 1 2 1 1 1
22 1 1 2 1 2 1 2 1 1 1 2 1 4 1 2 1 13 2 1 2 1 1 1 2 1 3 1 3 1 2 1 1 1 12 1 2 1 1 1 2 1 1
22 1 1 2 1 3 1 13 1 1 1 2 1 3 1 3 1 2 1 1 2 2 1 1 13 1 2 1 4 1 2 1 1 1 2 2 2 1 1 1 1
22 1 1 2 1 4 1 12 1 1 1 2 1 3 1 3 1 2 1 1 2 1 1 2 13 1 2 1 4 1 2 1 1 1 2 2 1 1 2 1 1
22 1 1 2 2 16 1 1 1 2 1 3 1 3 1 2 1 2 1 1 2 1 13 1 2 1 4 1 2 1 1 1 3 1 1 2 1 1 1
22 1 1 2 2 2 1 13 1 1 1 2 1 3 1 3 1 2 1 2 1 2 1 1 13 1 2 1 4 1 2 1 1 1 3 1 2 1 1 1 1
22 1 1 2 2 3 1 12 1 1 1 2 1 3 1 3 1 2 1 2 1 1 1 2 13 1 2 1 4 1 2 1 1 1 3 1 1 1 2 1 1
22 1 1 2 3 1 1 13 1 1 1 2 1 3 1 3 1 2 1 5 1 1 13 1 2 1 4 1 2 1 1 1 6 1 1 1 1
22 1 1 2 3 15 1 1 1 2 1 3 1 3 1 2 1 4 2 1 13 1 2 1 4 1 2 1 1 1 5 2 1 1 1
22 1 1 2 3 2 1 12 1 1 1 2 1 3 1 3 1 2 1 4 1 2 13 1 2 1 4 1 2 1 1 1 5 1 2 1 1
22 1 1 20 1 1 1 2 1 3 1 3 1 2 4 1 2 1 13 1 2 1 4 1 2 1 1 1 1 3 1 2 1 1 1
22 1 1 3 1 16 1 1 1 2 1 3 1 3 1 2 2 1 1 1 2 1 13 1 2 1 4 1 2 1 1 1 1 1 1 1 1 2 1 1 1
22 1 1 3 1 2 1 13 1 1 1 2 1 3 1 3 1 2 2 1 1 2 1 1 13 1 2 1 4 1 2 1 1 1 1 1 1 1 2 1 1 1 1
22 1 1 3 1 3 1 12 1 1 1 2 1 3 1 3 1 2 2 1 1 1 1 2 13 1 2 1 4 1 2 1 1 1 1 1 1 1 1 1 2 1 1
22 1 1 3 2 1 1 13 1 1 1 2 1 3 1 3 1 2 2 4 1 1 13 1 2 1 4 1 2 1 1 1 1 1 4 1 1 1 1
22 1 1 3 2 15 1 1 1 2 1 3 1 3 1 2 2 3 2 1 13 1 2 1 4 1 2 1 1 1 1 1 3 2 1 1 1
22 1 1 3 2 2 1 12 1 1 1 2 1 3 1 3 1 2 2 3 1 2 13 1 2 1 4 1 2 1 1 1 1 1 3 1 2 1 1
22 1 1 4 1 1 1 1 1 1 1 2 1 4 1 2 1 13 4 1 1 2 2 1 3 1 3 1 2 1 1 1 12 2 2 1 3 1 1
22 1 1 4 1 1 1 13 1 1 1 2 1 3 1 3 1 2 3 3 1 1 13 1 2 1 4 1 2 1 1 1 1 2 3 1 1 1 1
22 1 1 4 1 15 1 1 1 2 1 3 1 3 1 2 3 2 2 1 13 1 2 1 4 1 2 1 1 1 1 2 2 2 1 1 1
22 1 1 4 1 2 1 12 1 1 1 2 1 3 1 3 1 2 3 2 1 2 13 1 2 1 4 1 2 1 1 1 1 2 2 1 2 1 1
22 1 1 4 1 3 1 1 1 2 1 4 1 2 1 13 4 1 2 1 2 1 3 1 3 1 2 1 1 1 12 2 2 2 2 1 1
22 1 1 4 2 2 1 1 1 2 1 4 1 2 1 13 4 2 1 1 2 1 3 1 3 1 2 1 1 1 12 2 3 1 2 1 1
22 1 1 5 1 2 1 1 1 2 1 4 1 2 1 13 5 1 1 1 2 1 3 1 3 1 2 1 1 1 12 2 1 1 1 1 2 1 1
22 1 1 5 2 1 1 1 1 2 1 4 1 2 1 13 5 3 2 1 3 1 3 1 2 1 1 1 12 2 1 1 4 1 1
22 1 1 6 1 1 1 1 1 2 1 4 1 2 1 13 6 2 2 1 3 1 3 1 2 1 1 1 12 2 1 2 3 1 1
22 1 1 6 1 13 1 1 1 2 1 3 1 3 1 2 4 2 1 1 13 1 2 1 4 1 2 1 1 1 1 3 2 1 1 1 1
22 1 1 6 2 12 1 1 1 2 1 3 1 3 1 2 4 4 13 1 2 1 4 1 2 1 1 1 1 3 4 1 1
22 1 1 7 1 12 1 1 1 2 1 3 1 3 1 2 4 1 1 2 13 1 2 1 4 1 2 1 1 1 1 3 1 1 2 1 1
22 1 1 8 1 1 1 2 1 4 1 2 1 13 7 1 2 1 3 1 3 1 2 1 1 1 12 2 1 3 2 1 1
22 10 1 1 1 2 1 4 1 2 1 12 8 1 2 1 3 1 3 1 2 1 1 1 10 1 1 2 1 3 2 1 1
22 10 1 1 1 4 1 4 1 2 1 9 2 1 7 2 6 1 3 1 2 1 1 1 7 2 1 1 1 2 1 2 3
22 10 3 2 1 4 1 2 1 12 8 1 1 2 3 1 3 1 2 1 1 1 10 1 1 2 1 3 4
22 11 1 10 1 1 1 2 1 3 1 3 2 1 4 1 2 2 12 1 2 1 4 1 2 3 1 3 1 2 3
22 11 2 7 1 1 1 2 1 3 1 6 4 1 2 1 2 2 9 1 2 1 4 1 4 1 1 3 1 2 1 1 3
22 12 1 4 1 4 1 2 1 9 2 1 8 1 6 1 3 1 2 1 1 1 7 2 1 1 1 2 1 3 2
22 12 1 7 1 1 1 2 1 3 1 6 4 1 2 1 3 1 9 1 2 1 4 1 4 1 1 3 1 2 1 1 1 1 1
22 2 1 1 1 1 2 1 1 2 1 7 1 1 1 2 1 3 1 6 1 1 1 6 2 1 9 1 2 1 4 1 4 1 2 1 7 1 1
22 2 1 1 1 1 2 4 1 7 1 1 1 2 1 3 1 6 1 1 1 5 3 1 9 1 2 1 4 1 4 1 2 1 5 1 1 1 1
22 2 1 1 1 2 1 1 1 2 1 7 1 1 1 2 1 3 1 6 1 1 1 2 1 3 2 1 9 1 2 1 4 1 4 1 2 1 2 1 4 1 1
22 2 1 1 1 2 1 4 1 7 1 1 1 2 1 3 1 6 1 1 1 2 1 2 3 1 9 1 2 1 4 1 4 1 2 1 2 1 2 1 1 1 1
22 2 1 3 2 1 1 2 1 7 1 1 1 2 1 3 1 6 1 1 2 5 2 1 9 1 2 1 4 1 4 1 2 2 6 1 1
22 2 1 3 2 4 1 7 1 1 1 2 1 3 1 6 1 1 2 4 3 1 9 1 2 1 4 1 4 1 2 2 4 1 1 1 1
22 2 1 4 1 1 1 2 1 7 1 1 1 2 1 3 1 6 1 1 2 1 1 3 2 1 9 1 2 1 4 1 4 1 2 2 1 1 4 1 1
22 2 1 4 1 4 1 7 1 1 1 2 1 3 1 6 1 1 2 1 1 2 3 1 9 1 2 1 4 1 4 1 2 2 1 1 2 1 1 1 1
22 2 2 2 2 1 1 2 1 7 1 1 1 2 1 3 1 6 1 2 1 5 2 1 9 1 2 1 4 1 4 1 3 1 6 1 1
22 2 2 2 2 4 1 7 1 1 1 2 1 3 1 6 1 2 1 4 3 1 9 1 2 1 4 1 4 1 3 1 4 1 1 1 1
22 2 2 3 1 1 1 2 1 7 1 1 1 2 1 3 1 6 1 2 1 1 1 3 2 1 9 1 2 1 4 1 4 1 3 1 1 1 4 1 1
22 2 2 3 1 4 1 7 1 1 1 2 1 3 1 6 1 2 1 1 1 2 3 1 9 1 2 1 4 1 4 1 3 1 1 1 2 1 1 1 1
22 2 3 1 2 1 1 2 1 7 1 1 1 2 1 3 1 6 1 8 2 1 9 1 2 1 4 1 4 1 10 1 1
22 2 3 1 2 4 1 7 1 1 1 2 1 3 1 6 1 7 3 1 9 1 2 1 4 1 4 1 8 1 1 1 1
22 2 3 2 1 1 1 2 1 7 1 1 1 2 1 3 1 6 1 4 1 3 2 1 9 1 2 1 4 1 4 1 5 1 4 1 1
22 2 3 2 1 4 1 7 1 1 1 2 1 3 1 6 1 4 1 2 3 1 9 1 2 1 4 1 4 1 5 1 2 1 1 1 1
22 22 1 1 1 2 1 3 1 3 2 1 4 1 2 1 13 1 2 1 4 1 2 3 1 3 1 2 1 1 1
22 3 1 2 1 1 1 1 1 1 1 2 1 4 1 2 1 12 2 1 2 1 1 2 2 1 3 1 3 1 2 1 1 1 10 1 2 1 2 1 3 1 1
22 3 1 2 1 1 1 3 1 4 1 4 1 2 1 9 2 2 2 1 1 1 2 1 6 1 3 1 2 1 1 1 7 2 3 1 3 2 2
22 3 1 2 1 1 2 2 1 4 1 4 1 2 1 9 2 2 2 1 1 2 1 1 6 1 3 1 2 1 1 1 7 2 3 1 4 1 2
22 3 1 2 1 2 1 2 1 4 1 4 1 2 1 9 2 2 2 1 2 1 1 1 6 1 3 1 2 1 1 1 7 2 3 1 2 1 1 1 2
22 3 1 2 1 3 1 1 1 2 1 4 1 2 1 12 2 1 2 1 2 1 2 1 3 1 3 1 2 1 1 1 10 1 2 1 2 2 2 1 1
22 3 1 2 1 5 1 4 1 4 1 2 1 9 2 2 2 1 4 1 6 1 3 1 2 1 1 1 7 2 3 1 2 3 2
22 3 1 2 2 1 1 2 1 7 1 1 1 2 1 3 1 6 2 1 1 5 2 1 9 1 2 1 4 1 4 1 1 1 1 1 6 1 1
22 3 1 2 2 2 1 1 1 2 1 4 1 2 1 12 2 1 2 2 1 1 2 1 3 1 3 1 2 1 1 1 10 1 2 1 3 1 2 1 1
22 3 1 2 2 4 1 7 1 1 1 2 1 3 1 6 2 1 1 4 3 1 9 1 2 1 4 1 4 1 1 1 1 1 4 1 1 1 1
22 3 1 2 3 1 1 1 1 2 1 4 1 2 1 12 2 1 2 4 2 1 3 1 3 1 2 1 1 1 10 1 2 1 6 1 1
22 3 1 3 1 1 1 2 1 7 1 1 1 2 1 3 1 6 2 1 1 1 1 3 2 1 9 1 2 1 4 1 4 1 1 1 1 1 1 1 4 1 1
22 3 1 3 1 2 1 1 1 2 1 4 1 2 1 12 2 1 3 1 1 1 2 1 3 1 3 1 2 1 1 1 10 1 2 1 1 1 1 1 2 1 1
22 3 1 3 1 3 2 7 1 1 1 2 1 3 1 6 2 1 1 1 1 2 2 2 9 1 2 1 4 1 4 1 1 1 1 1 1 1 2 1 3
22 3 1 3 1 4 1 7 1 1 1 2 1 3 1 6 2 1 1 1 1 2 3 1 9 1 2 1 4 1 4 1 1 1 1 1 1 1 2 1 1 1 1
22 3 1 3 2 1 1 1 1 2 1 4 1 2 1 12 2 1 3 3 2 1 3 1 3 1 2 1 1 1 10 1 2 1 1 1 4 1 1
22 3 1 4 1 1 1 1 1 2 1 4 1 2 1 12 2 1 4 2 2 1 3 1 3 1 2 1 1 1 10 1 2 1 1 2 3 1 1
22 3 1 4 1 1 1 1 1 4 1 4 1 2 1 9 2 2 4 1 1 2 6 1 3 1 2 1 1 1 7 2 3 2 2 1 3
22 3 1 4 1 3 1 4 1 4 1 2 1 9 2 2 4 1 2 1 6 1 3 1 2 1 1 1 7 2 3 2 2 2 2
22 3 1 4 2 2 1 4 1 4 1 2 1 9 2 2 4 2 1 1 6 1 3 1 2 1 1 1 7 2 3 2 3 1 2
22 3 1 5 1 2 1 4 1 4 1 2 1 9 2 2 5 1 1 1 6 1 3 1 2 1 1 1 7 2 3 2 1 1 1 1 2
22 3 1 6 1 1 1 2 1 4 1 2 1 12 2 1 5 1 2 1 3 1 3 1 2 1 1 1 10 1 2 1 1 3 2 1 1
22 3 1 8 1 4 1 4 1 2 1 9 2 2 7 1 6 1 3 1 2 1 1 1 7 2 3 2 1 3 2
22 3 2 1 1 1 1 1 1 1 1 2 1 4 1 2 1 12 2 2 1 1 1 2 2 1 3 1 3 1 2 1 1 1 10 1 5 1 3 1 1
22 3 2 1 1 3 1 1 1 2 1 4 1 2 1 12 2 2 1 1 2 1 2 1 3 1 3 1 2 1 1 1 10 1 5 2 2 1 1
22 3 2 1 2 1 1 2 1 7 1 1 1 2 1 3 1 6 2 7 2 1 9 1 2 1 4 1 4 1 1 1 8 1 1
22 3 2 1 2 2 1 1 1 2 1 4 1 2 1 12 2 2 1 2 1 1 2 1 3 1 3 1 2 1 1 1 10 1 6 1 2 1 1
22 3 2 1 2 3 2 7 1 1 1 2 1 3 1 6 2 6 2 2 9 1 2 1 4 1 4 1 1 1 6 1 3
22 3 2 1 2 4 1 7 1 1 1 2 1 3 1 6 2 6 3 1 9 1 2 1 4 1 4 1 1 1 6 1 1 1 1
22 3 2 1 3 1 1 1 1 2 1 4 1 2 1 12 2 2 1 4 2 1 3 1 3 1 2 1 1 1 10 1 9 1 1
22 3 2 2 1 1 1 2 1 7 1 1 1 2 1 3 1 6 2 3 1 3 2 1 9 1 2 1 4 1 4 1 1 1 3 1 4 1 1
22 3 2 2 1 2 1 1 1 2 1 4 1 2 1 12 2 2 2 1 1 1 2 1 3 1 3 1 2 1 1 1 10 1 4 1 1 1 2 1 1
22 3 2 2 1 3 2 7 1 1 1 2 1 3 1 6 2 3 1 2 2 2 9 1 2 1 4 1 4 1 1 1 3 1 2 1 3
22 3 2 2 1 4 1 7 1 1 1 2 1 3 1 6 2 3 1 2 3 1 9 1 2 1 4 1 4 1 1 1 3 1 2 1 1 1 1
22 3 2 2 1 4 1 8 1 1 1 2 1 3 1 4 1 1 1 2 1 2 1 1 2 1 10 1 2 1 4 1 3 2 3 1 2 1 1 1 2
22 3 2 2 2 1 1 1 1 2 1 4 1 2 1 12 2 2 2 3 2 1 3 1 3 1 2 1 1 1 10 1 4 1 4 1 1
22 3 2 3 1 1 1 1 1 2 1 4 1 2 1 12 2 2 3 2 2 1 3 1 3 1 2 1 1 1 10 1 4 2 3 1 1
22 3 2 5 1 1 1 2 1 4 1 2 1 12 2 2 4 1 2 1 3 1 3 1 2 1 1 1 10 1 4 3 2 1 1
22 3 3 1 1 4 1 8 1 1 1 2 1 3 1 4 1 1 1 5 1 1 2 1 10 1 2 1 4 1 3 2 6 1 1 1 2
22 4 1 1 1 1 1 1 1 1 1 2 1 4 1 2 1 12 3 1 1 1 1 2 2 1 3 1 3 1 2 1 1 1 10 1 1 1 3 1 3 1 1
22 4 1 1 1 1 1 13 1 1 1 2 1 3 1 3 2 1 1 1 1 3 1 1 13 1 2 1 4 1 2 3 2 1 3 1 1 1 1
22 4 1 1 1 1 1 2 1 10 1 1 1 2 1 3 1 3 2 1 1 1 1 3 1 2 12 1 2 1 4 1 2 3 2 1 3 1 3
22 4 1 1 1 1 2 12 1 1 1 2 1 3 1 3 2 1 1 1 1 5 13 1 2 1 4 1 2 3 2 1 5 1 1
22 4 1 1 1 15 1 1 1 2 1 3 1 3 2 1 1 1 1 2 2 1 13 1 2 1 4 1 2 3 2 1 2 2 1 1 1
22 4 1 1 1 2 1 12 1 1 1 2 1 3 1 3 2 1 1 1 1 2 1 2 13 1 2 1 4 1 2 3 2 1 2 1 2 1 1
22 4 1 1 1 2 1 2 1 7 1 1 1 2 1 3 1 6 3 3 1 2 2 1 9 1 2 1 4 1 4 1 1 2 3 1 3 1 1
22 4 1 1 1 3 1 1 1 2 1 4 1 2 1 12 3 1 1 1 2 1 2 1 3 1 3 1 2 1 1 1 10 1 1 1 3 2 2 1 1
22 4 1 1 1 4 1 10 1 1 1 2 1 3 1 3 2 1 1 1 1 2 2 2 12 1 2 1 4 1 2 3 2 1 2 2 3
22 4 1 1 1 4 2 7 1 1 1 2 1 3 1 6 3 3 1 1 2 2 9 1 2 1 4 1 4 1 1 2 3 1 1 1 3
22 4 1 1 1 5 1 7 1 1 1 2 1 3 1 6 3 3 1 1 3 1 9 1 2 1 4 1 4 1 1 2 3 1 1 1 1 1 1
22 4 1 1 2 1 1 2 1 7 1 1 1 2 1 3 1 6 3 6 2 1 9 1 2 1 4 1 4 1 1 2 7 1 1
22 4 1 1 2 2 1 1 1 2 1 4 1 2 1 12 3 1 1 2 1 1 2 1 3 1 3 1 2 1 1 1 10 1 1 1 4 1 2 1 1
22 4 1 1 2 3 2 7 1 1 1 2 1 3 1 6 3 5 2 2 9 1 2 1 4 1 4 1 1 2 5 1 3
22 4 1 1 2 4 1 7 1 1 1 2 1 3 1 6 3 5 3 1 9 1 2 1 4 1 4 1 1 2 5 1 1 1 1
22 4 1 1 3 1 1 1 1 2 1 4 1 2 1 12 3 1 1 4 2 1 3 1 3 1 2 1 1 1 10 1 1 1 7 1 1
22 4 1 17 1 1 1 2 1 3 1 3 2 1 1 1 2 1 2 1 13 1 2 1 4 1 2 3 2 2 1 2 1 1 1
22 4 1 2 1 1 1 2 1 7 1 1 1 2 1 3 1 6 3 2 1 3 2 1 9 1 2 1 4 1 4 1 1 2 2 1 4 1 1
22 4 1 2 1 2 1 1 1 2 1 4 1 2 1 12 3 1 2 1 1 1 2 1 3 1 3 1 2 1 1 1 10 1 1 1 2 1 1 1 2 1 1
22 4 1 2 1 2 3 2 1 4 1 2 1 12 3 1 2 1 1 1 1 2 3 1 3 1 2 1 1 1 10 1 1 1 2 1 1 1 4
22 4 1 2 1 3 2 7 1 1 1 2 1 3 1 6 3 2 1 2 2 2 9 1 2 1 4 1 4 1 1 2 2 1 2 1 3
22 4 1 2 1 4 1 7 1 1 1 2 1 3 1 6 3 2 1 2 3 1 9 1 2 1 4 1 4 1 1 2 2 1 2 1 1 1 1
22 4 1 2 1 4 1 8 1 1 1 2 1 3 1 4 1 1 2 1 1 2 1 1 2 1 10 1 2 1 4 1 3 2 1 1 1 1 2 1 1 1 2
22 4 1 2 2 1 1 1 1 2 1 4 1 2 1 12 3 1 2 3 2 1 3 1 3 1 2 1 1 1 10 1 1 1 2 1 4 1 1
22 4 1 3 1 1 1 1 1 2 1 4 1 2 1 12 3 1 3 2 2 1 3 1 3 1 2 1 1 1 10 1 1 1 2 2 3 1 1
22 4 1 3 1 13 1 1 1 2 1 3 1 3 2 1 1 1 2 2 1 1 13 1 2 1 4 1 2 3 2 2 2 1 1 1 1
22 4 1 3 1 2 1 10 1 1 1 2 1 3 1 3 2 1 1 1 2 2 1 2 12 1 2 1 4 1 2 3 2 2 2 1 3
22 4 1 3 2 12 1 1 1 2 1 3 1 3 2 1 1 1 2 4 13 1 2 1 4 1 2 3 2 2 4 1 1
22 4 1 4 1 1 1 10 1 1 1 2 1 3 1 3 2 1 1 1 2 1 1 3 12 1 2 1 4 1 2 3 2 2 1 1 4
22 4 1 4 1 12 1 1 1 2 1 3 1 3 2 1 1 1 2 1 1 2 13 1 2 1 4 1 2 3 2 2 1 1 2 1 1
22 4 1 4 1 2 1 7 1 1 1 2 1 3 1 6 3 2 2 2 2 1 9 1 2 1 4 1 4 1 1 2 2 2 3 1 1
22 4 1 5 1 1 1 2 1 4 1 2 1 12 3 1 4 1 2 1 3 1 3 1 2 1 1 1 10 1 1 1 2 3 2 1 1
22 4 1 6 1 10 1 1 1 2 1 3 1 3 2 1 1 1 2 1 2 2 12 1 2 1 4 1 2 3 2 2 1 2 3
22 4 1 6 2 7 1 1 1 2 1 3 1 6 3 2 2 1 2 2 9 1 2 1 4 1 4 1 1 2 2 2 1 1 3
22 4 1 7 1 7 1 1 1 2 1 3 1 6 3 2 2 1 3 1 9 1 2 1 4 1 4 1 1 2 2 2 1 1 1 1 1
22 4 2 1 1 4 1 8 1 1 1 2 1 3 1 4 1 1 2 4 1 1 2 1 10 1 2 1 4 1 3 2 1 1 4 1 1 1 2
22 4 2 16 1 1 1 2 1 3 1 3 2 1 1 2 1 1 2 1 13 1 2 1 4 1 2 3 3 1 1 2 1 1 1
22 4 2 2 1 13 1 1 1 2 1 3 1 3 2 1 1 2 1 2 1 1 13 1 2 1 4 1 2 3 3 1 2 1 1 1 1
22 4 2 2 1 2 1 10 1 1 1 2 1 3 1 3 2 1 1 2 1 2 1 2 12 1 2 1 4 1 2 3 3 1 2 1 3
22 4 2 2 2 12 1 1 1 2 1 3 1 3 2 1 1 2 1 4 13 1 2 1 4 1 2 3 3 1 4 1 1
22 4 2 3 1 1 1 10 1 1 1 2 1 3 1 3 2 1 1 2 1 1 1 3 12 1 2 1 4 1 2 3 3 1 1 1 4
22 4 2 3 1 12 1 1 1 2 1 3 1 3 2 1 1 2 1 1 1 2 13 1 2 1 4 1 2 3 3 1 1 1 2 1 1
22 4 2 5 1 10 1 1 1 2 1 3 1 3 2 1 1 2 1 1 2 2 12 1 2 1 4 1 2 3 3 1 1 2 3
22 4 3 1 1 13 1 1 1 2 1 3 1 3 2 1 1 5 1 1 13 1 2 1 4 1 2 3 6 1 1 1 1
22 4 3 1 1 2 1 10 1 1 1 2 1 3 1 3 2 1 1 5 1 2 12 1 2 1 4 1 2 3 6 1 3
22 4 3 1 2 12 1 1 1 2 1 3 1 3 2 1 1 7 13 1 2 1 4 1 2 3 8 1 1
22 4 3 15 1 1 1 2 1 3 1 3 2 1 1 4 2 1 13 1 2 1 4 1 2 3 5 2 1 1 1
22 4 3 2 1 1 1 10 1 1 1 2 1 3 1 3 2 1 1 4 1 3 12 1 2 1 4 1 2 3 5 1 4
22 4 3 2 1 12 1 1 1 2 1 3 1 3 2 1 1 4 1 2 13 1 2 1 4 1 2 3 5 1 2 1 1
22 4 3 4 1 10 1 1 1 2 1 3 1 3 2 1 1 4 2 2 12 1 2 1 4 1 2 3 5 2 3
22 5 1 16 1 1 1 2 1 3 1 3 2 1 2 1 1 1 2 1 13 1 2 1 4 1 2 3 1 1 1 1 1 2 1 1 1
22 5 1 2 1 13 1 1 1 2 1 3 1 3 2 1 2 1 1 2 1 1 13 1 2 1 4 1 2 3 1 1 1 1 2 1 1 1 1
22 5 1 2 1 2 1 10 1 1 1 2 1 3 1 3 2 1 2 1 1 2 1 2 12 1 2 1 4 1 2 3 1 1 1 1 2 1 3
22 5 1 2 2 12 1 1 1 2 1 3 1 3 2 1 2 1 1 4 13 1 2 1 4 1 2 3 1 1 1 1 4 1 1
22 5 1 3 1 1 1 10 1 1 1 2 1 3 1 3 2 1 2 1 1 1 1 3 12 1 2 1 4 1 2 3 1 1 1 1 1 1 4
22 5 1 3 1 12 1 1 1 2 1 3 1 3 2 1 2 1 1 1 1 2 13 1 2 1 4 1 2 3 1 1 1 1 1 1 2 1 1
22 5 1 3 2 1 1 4 1 4 1 2 1 9 2 1 2 1 3 3 6 1 3 1 2 1 1 1 7 2 1 1 2 1 1 1 4
22 5 1 5 1 10 1 1 1 2 1 3 1 3 2 1 2 1 1 1 2 2 12 1 2 1 4 1 2 3 1 1 1 1 1 2 3
22 5 2 1 1 13 1 1 1 2 1 3 1 3 2 1 2 4 1 1 13 1 2 1 4 1 2 3 1 1 4 1 1 1 1
22 5 2 1 1 2 1 10 1 1 1 2 1 3 1 3 2 1 2 4 1 2 12 1 2 1 4 1 2 3 1 1 4 1 3
22 5 2 1 2 12 1 1 1 2 1 3 1 3 2 1 2 6 13 1 2 1 4 1 2 3 1 1 6 1 1
22 5 2 15 1 1 1 2 1 3 1 3 2 1 2 3 2 1 13 1 2 1 4 1 2 3 1 1 3 2 1 1 1
22 5 2 2 1 1 1 10 1 1 1 2 1 3 1 3 2 1 2 3 1 3 12 1 2 1 4 1 2 3 1 1 3 1 4
22 5 2 2 1 12 1 1 1 2 1 3 1 3 2 1 2 3 1 2 13 1 2 1 4 1 2 3 1 1 3 1 2 1 1
22 5 2 2 2 1 1 4 1 4 1 2 1 9 2 1 2 2 2 3 6 1 3 1 2 1 1 1 7 2 1 1 4 1 4
22 5 2 4 1 10 1 1 1 2 1 3 1 3 2 1 2 3 2 2 12 1 2 1 4 1 2 3 1 1 3 2 3
22 6 1 1 1 1 1 1 1 2 1 4 1 2 1 12 5 1 1 2 2 1 3 1 3 1 2 1 1 1 10 1 1 2 2 1 3 1 1
22 6 1 1 1 1 1 1 1 4 1 4 1 2 1 9 2 1 3 1 1 1 1 2 6 1 3 1 2 1 1 1 7 2 1 1 1 1 3 1 3
22 6 1 1 1 1 3 2 1 4 1 2 1 12 5 1 1 2 1 2 3 1 3 1 2 1 1 1 10 1 1 2 2 1 5
22 6 1 1 1 13 1 1 1 2 1 3 1 3 2 1 3 3 1 1 13 1 2 1 4 1 2 3 1 2 3 1 1 1 1
22 6 1 1 1 2 1 10 1 1 1 2 1 3 1 3 2 1 3 3 1 2 12 1 2 1 4 1 2 3 1 2 3 1 3
22 6 1 1 1 3 1 4 1 4 1 2 1 9 2 1 3 1 1 1 2 1 6 1 3 1 2 1 1 1 7 2 1 1 1 1 3 2 2
22 6 1 1 2 12 1 1 1 2 1 3 1 3 2 1 3 5 13 1 2 1 4 1 2 3 1 2 5 1 1
22 6 1 1 2 2 1 4 1 4 1 2 1 9 2 1 3 1 1 2 1 1 6 1 3 1 2 1 1 1 7 2 1 1 1 1 4 1 2
22 6 1 15 1 1 1 2 1 3 1 3 2 1 3 2 2 1 13 1 2 1 4 1 2 3 1 2 2 2 1 1 1
22 6 1 2 1 1 1 10 1 1 1 2 1 3 1 3 2 1 3 2 1 3 12 1 2 1 4 1 2 3 1 2 2 1 4
22 6 1 2 1 1 2 7 1 1 1 2 1 3 1 6 4 2 1 2 1 2 9 1 2 1 4 1 4 1 1 3 2 1 5
22 6 1 2 1 12 1 1 1 2 1 3 1 3 2 1 3 2 1 2 13 1 2 1 4 1 2 3 1 2 2 1 2 1 1
22 6 1 2 1 2 1 4 1 4 1 2 1 9 2 1 3 1 2 1 1 1 6 1 3 1 2 1 1 1 7 2 1 1 1 1 2 1 1 1 2
22 6 1 2 1 2 1 7 1 1 1 2 1 3 1 6 4 2 1 2 2 1 9 1 2 1 4 1 4 1 1 3 2 1 3 1 1
22 6 1 2 2 1 1 4 1 4 1 2 1 9 2 1 3 1 2 3 6 1 3 1 2 1 1 1 7 2 1 1 1 1 2 1 4
22 6 1 3 1 1 1 2 1 4 1 2 1 12 5 1 2 1 2 1 3 1 3 1 2 1 1 1 10 1 1 2 2 2 2 1 1
22 6 1 3 1 1 1 4 1 4 1 2 1 9 2 1 3 1 3 2 6 1 3 1 2 1 1 1 7 2 1 1 1 1 2 2 3
22 6 1 3 3 2 1 4 1 2 1 12 5 1 2 1 1 2 3 1 3 1 2 1 1 1 10 1 1 2 2 2 4
22 6 1 4 1 10 1 1 1 2 1 3 1 3 2 1 3 2 2 2 12 1 2 1 4 1 2 3 1 2 2 2 3
22 6 1 4 2 7 1 1 1 2 1 3 1 6 4 2 1 1 2 2 9 1 2 1 4 1 4 1 1 3 2 1 1 1 3
22 6 1 5 1 4 1 4 1 2 1 9 2 1 3 1 4 1 6 1 3 1 2 1 1 1 7 2 1 1 1 1 2 3 2
22 6 1 5 1 7 1 1 1 2 1 3 1 6 4 2 1 1 3 1 9 1 2 1 4 1 4 1 1 3 2 1 1 1 1 1 1
22 6 2 1 1 2 1 7 1 1 1 2 1 3 1 6 4 5 2 1 9 1 2 1 4 1 4 1 1 3 6 1 1
22 6 2 2 1 1 1 2 1 4 1 2 1 12 5 2 1 1 2 1 3 1 3 1 2 1 1 1 10 1 1 2 3 1 2 1 1
22 6 2 2 3 2 1 4 1 2 1 12 5 2 1 1 1 2 3 1 3 1 2 1 1 1 10 1 1 2 3 1 4
22 6 2 3 2 7 1 1 1 2 1 3 1 6 4 4 2 2 9 1 2 1 4 1 4 1 1 3 4 1 3
22 6 2 4 1 7 1 1 1 2 1 3 1 6 4 4 3 1 9 1 2 1 4 1 4 1 1 3 4 1 1 1 1
22 6 3 1 1 1 1 2 1 4 1 2 1 12 5 4 2 1 3 1 3 1 2 1 1 1 10 1 1 2 6 1 1
22 7 1 1 1 1 2 7 1 1 1 2 1 3 1 6 4 1 1 3 1 2 9 1 2 1 4 1 4 1 1 3 1 1 6
22 7 1 1 1 2 1 7 1 1 1 2 1 3 1 6 4 1 1 3 2 1 9 1 2 1 4 1 4 1 1 3 1 1 4 1 1
22 7 1 2 1 1 1 2 1 4 1 2 1 12 6 1 1 1 2 1 3 1 3 1 2 1 1 1 10 1 1 2 1 1 1 1 2 1 1
22 7 1 2 3 2 1 4 1 2 1 12 6 1 1 1 1 2 3 1 3 1 2 1 1 1 10 1 1 2 1 1 1 1 4
22 7 1 3 2 7 1 1 1 2 1 3 1 6 4 1 1 2 2 2 9 1 2 1 4 1 4 1 1 3 1 1 2 1 3
22 7 1 4 1 7 1 1 1 2 1 3 1 6 4 1 1 2 3 1 9 1 2 1 4 1 4 1 1 3 1 1 2 1 1 1 1
22 7 2 1 1 1 1 2 1 4 1 2 1 12 6 3 2 1 3 1 3 1 2 1 1 1 10 1 1 2 1 1 4 1 1
22 7 2 1 3 2 1 4 1 2 1 12 6 3 1 2 3 1 3 1 2 1 1 1 10 1 1 2 1 1 6
22 8 1 1 1 1 1 2 1 4 1 2 1 12 7 2 2 1 3 1 3 1 2 1 1 1 10 1 1 2 1 2 3 1 1
22 8 1 1 1 1 1 4 1 4 1 2 1 9 2 1 5 1 1 2 6 1 3 1 2 1 1 1 7 2 1 1 1 2 2 1 3
22 8 1 1 3 2 1 4 1 2 1 12 7 2 1 2 3 1 3 1 2 1 1 1 10 1 1 2 1 2 5
22 8 1 13 1 1 1 2 1 3 1 3 2 1 4 2 1 1 13 1 2 1 4 1 2 3 1 3 2 1 1 1 1
22 8 1 2 1 10 1 1 1 2 1 3 1 3 2 1 4 2 1 2 12 1 2 1 4 1 2 3 1 3 2 1 3
22 8 1 3 1 4 1 4 1 2 1 9 2 1 5 1 2 1 6 1 3 1 2 1 1 1 7 2 1 1 1 2 2 2 2
22 8 2 1 1 10 1 1 1 2 1 3 1 3 2 1 4 5 12 1 2 1 4 1 2 3 1 3 6
22 8 2 12 1 1 1 2 1 3 1 3 2 1 4 4 13 1 2 1 4 1 2 3 1 3 4 1 1
22 8 2 2 1 4 1 4 1 2 1 9 2 1 5 2 1 1 6 1 3 1 2 1 1 1 7 2 1 1 1 2 3 1 2
22 8 3 1 1 4 1 4 1 2 1 9 2 1 5 4 6 1 3 1 2 1 1 1 7 2 1 1 1 2 6
22 9 1 1 1 10 1 1 1 2 1 3 1 3 2 1 4 1 1 3 12 1 2 1 4 1 2 3 1 3 1 1 4
22 9 1 1 2 7 1 1 1 2 1 3 1 6 4 1 2 2 1 2 9 1 2 1 4 1 4 1 1 3 1 2 5
22 9 1 12 1 1 1 2 1 3 1 3 2 1 4 1 1 2 13 1 2 1 4 1 2 3 1 3 1 1 2 1 1
22 9 1 2 1 4 1 4 1 2 1 9 2 1 6 1 1 1 6 1 3 1 2 1 1 1 7 2 1 1 1 2 1 1 1 1 2
22 9 1 2 1 7 1 1 1 2 1 3 1 6 4 1 2 2 2 1 9 1 2 1 4 1 4 1 1 3 1 2 3 1 1
22 9 2 1 1 4 1 4 1 2 1 9 2 1 6 3 6 1 3 1 2 1 1 1 7 2 1 1 1 2 1 1 4