18 1 1 1 1 2 1 1 1 1 1 5 1 7 1 1 1 2 1 3 1 1 1 1 1 2 1 1 1 3 1 1 3 1 9 1 2 1 4 2 1 1 1 1 2 1 3 1 1 1 1 1 1
18 1 1 1 1 2 1 1 1 7 1 7 1 1 1 2 1 3 1 1 1 1 1 2 1 1 1 2 2 1 3 1 9 1 2 1 4 2 1 1 1 1 2 1 2 2 1 1 1 1 1
18 1 1 1 1 2 1 2 1 2 1 1 1 1 2 4 1 2 1 9 1 3 2 1 2 1 1 1 2 1 1 1 1 1 3 1 2 1 1 1 7 1 4 1 2 1 1 1 2 1 1 1 1
18 1 1 1 1 2 1 4 1 4 1 7 1 1 1 2 1 3 1 1 1 1 1 2 1 1 2 1 1 2 3 1 9 1 2 1 4 2 1 1 1 1 2 2 1 1 2 1 1 1 1
18 1 1 1 1 2 1 9 1 7 1 1 1 2 1 3 1 1 1 1 1 2 1 1 2 1 2 1 3 1 9 1 2 1 4 2 1 1 1 1 2 2 1 2 1 1 1 1 1
18 1 1 1 1 2 2 2 1 5 1 7 1 1 1 2 1 3 1 1 1 1 1 2 1 2 1 2 1 1 3 1 9 1 2 1 4 2 1 1 1 1 3 1 2 1 1 1 1 1 1
18 1 1 1 1 2 2 3 1 4 1 7 1 1 1 2 1 3 1 1 1 1 1 2 1 2 1 1 1 2 3 1 9 1 2 1 4 2 1 1 1 1 3 1 1 1 2 1 1 1 1
18 1 1 1 1 2 2 8 1 7 1 1 1 2 1 3 1 1 1 1 1 2 1 2 1 1 2 1 3 1 9 1 2 1 4 2 1 1 1 1 3 1 1 2 1 1 1 1 1
18 1 1 1 1 2 3 1 1 5 1 7 1 1 1 2 1 3 1 1 1 1 1 2 1 5 1 1 3 1 9 1 2 1 4 2 1 1 1 1 6 1 1 1 1 1 1
18 1 1 1 1 2 3 2 1 4 1 7 1 1 1 2 1 3 1 1 1 1 1 2 1 4 1 2 3 1 9 1 2 1 4 2 1 1 1 1 5 1 2 1 1 1 1
18 1 1 1 1 2 3 7 1 7 1 1 1 2 1 3 1 1 1 1 1 2 1 4 2 1 3 1 9 1 2 1 4 2 1 1 1 1 5 2 1 1 1 1 1
18 1 1 1 1 3 2 2 1 4 1 7 1 1 1 2 1 3 1 1 1 1 1 2 2 3 1 2 3 1 9 1 2 1 4 2 1 1 1 1 1 1 3 1 2 1 1 1 1
18 1 1 1 1 4 1 2 1 4 1 7 1 1 1 2 1 3 1 1 1 1 1 2 3 2 1 2 3 1 9 1 2 1 4 2 1 1 1 1 1 2 2 1 2 1 1 1 1
18 1 1 1 1 4 1 3 1 1 1 1 2 4 1 2 1 9 1 3 4 1 2 1 2 1 1 1 1 1 3 1 2 1 1 1 7 1 4 2 2 2 2 1 1 1 1
18 1 1 1 1 4 1 7 1 7 1 1 1 2 1 3 1 1 1 1 1 2 3 2 2 1 3 1 9 1 2 1 4 2 1 1 1 1 1 2 2 2 1 1 1 1 1
18 1 1 1 1 4 2 2 1 1 1 1 2 4 1 2 1 9 1 3 4 2 1 1 2 1 1 1 1 1 3 1 2 1 1 1 7 1 4 2 3 1 2 1 1 1 1
18 1 1 1 1 5 1 2 1 1 1 1 2 4 1 2 1 9 1 3 5 1 1 1 2 1 1 1 1 1 3 1 2 1 1 1 7 1 4 2 1 1 1 1 2 1 1 1 1
18 1 1 1 1 5 2 1 1 1 1 1 2 4 1 2 1 9 1 3 5 3 2 1 1 1 1 1 3 1 2 1 1 1 7 1 4 2 1 1 4 1 1 1 1
18 1 1 1 1 6 1 1 1 1 1 1 2 4 1 2 1 9 1 3 6 2 2 1 1 1 1 1 3 1 2 1 1 1 7 1 4 2 1 2 3 1 1 1 1
18 1 1 1 1 8 1 1 1 1 2 4 1 2 1 9 1 3 7 1 2 1 1 1 1 1 3 1 2 1 1 1 7 1 4 2 1 3 2 1 1 1 1
18 1 1 10 1 1 1 1 2 4 1 2 1 9 1 2 8 1 2 1 1 1 1 1 3 1 2 1 1 1 7 1 2 1 1 2 1 3 2 1 1 1 1
18 1 1 12 1 1 1 5 1 1 1 2 1 3 1 3 1 2 4 1 2 1 3 1 1 1 7 1 2 1 4 1 2 1 1 1 1 3 1 2 1 1 1 1 1 1 1
18 1 1 2 1 1 1 2 1 1 1 2 1 1 1 5 1 1 1 2 1 3 1 3 1 2 1 1 1 2 1 3 2 1 1 1 7 1 2 1 4 1 2 1 1 1 2 1 2 1 4 1 1 1 1
18 1 1 2 1 1 1 4 1 2 1 1 1 5 1 1 1 2 1 3 1 3 1 2 1 1 1 2 2 2 2 1 1 1 7 1 2 1 4 1 2 1 1 1 2 1 2 2 3 1 1 1 1
18 1 1 2 1 4 1 1 1 2 1 1 1 5 1 1 1 2 1 3 1 3 1 2 1 1 2 1 1 3 2 1 1 1 7 1 2 1 4 1 2 1 1 1 2 2 1 1 4 1 1 1 1
18 1 1 2 1 6 1 2 1 1 1 5 1 1 1 2 1 3 1 3 1 2 1 1 2 1 2 2 2 1 1 1 7 1 2 1 4 1 2 1 1 1 2 2 1 2 3 1 1 1 1
18 1 1 3 1 1 1 1 2 3 1 1 1 6 1 1 1 2 1 3 1 2 1 1 1 1 1 1 1 5 2 1 1 1 8 1 2 1 4 1 1 1 1 2 2 1 5 1 2 1 1
18 1 1 3 1 1 1 2 1 3 1 1 1 6 1 1 1 2 1 3 1 2 1 1 1 1 1 1 1 2 1 2 2 1 1 1 8 1 2 1 4 1 1 1 1 2 2 1 2 1 2 1 2 1 1
18 1 1 3 1 4 1 3 1 1 1 6 1 1 1 2 1 3 1 2 1 1 1 1 1 1 2 1 1 2 2 1 1 1 8 1 2 1 4 1 1 1 1 2 2 2 1 1 2 1 2 1 1
18 1 1 3 2 2 1 3 2 1 1 5 1 1 1 2 1 3 1 3 1 2 2 3 1 2 2 2 1 1 7 1 2 1 4 1 2 1 1 1 1 1 3 1 2 1 3 1 1
18 1 1 3 3 1 2 3 1 1 1 6 1 1 1 2 1 3 1 2 1 1 1 1 1 7 2 1 1 1 8 1 2 1 4 1 1 1 1 2 8 1 2 1 1
18 1 1 3 3 2 1 3 1 1 1 6 1 1 1 2 1 3 1 2 1 1 1 1 1 4 1 2 2 1 1 1 8 1 2 1 4 1 1 1 1 2 5 1 2 1 2 1 1
18 1 1 4 1 1 1 2 1 4 1 7 1 1 1 2 1 3 1 1 1 1 2 1 1 1 1 2 1 2 3 1 9 1 2 1 4 2 1 3 2 1 2 1 2 1 1 1 1
18 1 1 4 1 2 1 2 1 1 1 1 2 4 1 2 1 9 1 2 3 1 2 1 1 1 2 1 1 1 1 1 3 1 2 1 1 1 7 1 2 1 1 1 2 1 1 1 2 1 1 1 1
18 1 1 4 1 2 1 4 1 1 1 5 1 1 1 2 1 3 1 3 1 2 3 2 1 2 3 1 1 1 7 1 2 1 4 1 2 1 1 1 1 2 2 1 2 1 1 1 1 1 1
18 1 1 4 1 5 1 1 1 1 2 4 1 2 1 9 1 2 3 1 4 1 2 1 1 1 1 1 3 1 2 1 1 1 7 1 2 1 1 1 2 3 2 1 1 1 1
18 1 1 4 1 7 1 1 1 5 1 1 1 2 1 3 1 3 1 2 3 2 2 1 3 1 1 1 7 1 2 1 4 1 2 1 1 1 1 2 2 2 1 1 1 1 1 1 1
18 1 1 6 1 2 1 4 1 7 1 1 1 2 1 3 1 1 1 1 2 1 3 2 1 2 3 1 9 1 2 1 4 2 1 3 1 2 2 1 2 1 1 1 1
18 1 1 7 1 1 1 2 1 1 1 5 1 1 1 2 1 3 1 3 1 2 4 1 1 3 2 1 1 1 7 1 2 1 4 1 2 1 1 1 1 3 1 1 4 1 1 1 1
18 1 1 7 1 2 1 1 1 1 2 4 1 2 1 9 1 2 6 1 1 1 2 1 1 1 1 1 3 1 2 1 1 1 7 1 2 1 1 2 1 1 1 1 2 1 1 1 1
18 1 1 7 1 4 1 1 1 5 1 1 1 2 1 3 1 3 1 2 4 1 1 2 3 1 1 1 7 1 2 1 4 1 2 1 1 1 1 3 1 1 2 1 1 1 1 1 1
18 1 2 2 1 1 1 1 2 3 1 1 1 6 1 1 1 2 1 3 1 2 1 3 1 1 1 5 2 1 1 1 8 1 2 1 4 1 1 1 2 1 2 1 5 1 2 1 1
18 1 2 2 1 1 1 2 1 1 1 1 1 1 1 2 1 4 1 2 1 7 1 2 1 2 1 1 2 1 1 2 2 1 3 1 3 1 2 1 1 1 5 1 2 1 4 1 2 1 3 1 1
18 1 2 2 1 1 1 2 1 3 1 1 1 6 1 1 1 2 1 3 1 2 1 3 1 1 1 2 1 2 2 1 1 1 8 1 2 1 4 1 1 1 2 1 2 1 2 1 2 1 2 1 1
18 1 2 2 1 2 1 1 2 2 1 1 1 2 1 4 1 2 1 7 1 2 1 2 2 1 1 2 1 1 2 1 3 1 3 1 2 1 1 1 5 1 2 1 3 1 4 1 2 1 1
18 1 2 2 1 4 1 3 1 1 1 6 1 1 1 2 1 3 1 2 1 3 1 1 2 1 1 2 2 1 1 1 8 1 2 1 4 1 1 1 2 1 2 2 1 1 2 1 2 1 1
18 1 2 2 2 2 2 3 1 1 1 6 1 1 1 2 1 3 1 2 1 3 1 2 1 4 2 1 1 1 8 1 2 1 4 1 1 1 2 1 3 1 4 1 2 1 1
18 1 2 2 2 3 1 3 1 1 1 6 1 1 1 2 1 3 1 2 1 3 1 2 1 1 1 2 2 1 1 1 8 1 2 1 4 1 1 1 2 1 3 1 1 1 2 1 2 1 1
18 1 2 2 3 1 2 3 1 1 1 6 1 1 1 2 1 3 1 2 1 3 1 7 2 1 1 1 8 1 2 1 4 1 1 1 2 1 8 1 2 1 1
18 1 2 2 3 2 1 3 1 1 1 6 1 1 1 2 1 3 1 2 1 3 1 4 1 2 2 1 1 1 8 1 2 1 4 1 1 1 2 1 5 1 2 1 2 1 1
18 1 2 3 1 1 1 2 1 4 1 7 1 1 1 2 1 3 1 1 1 2 1 1 1 1 1 2 1 2 3 1 9 1 2 1 4 2 2 2 2 1 2 1 2 1 1 1 1
18 1 2 5 1 2 1 4 1 7 1 1 1 2 1 3 1 1 1 2 1 1 3 2 1 2 3 1 9 1 2 1 4 2 2 2 1 2 2 1 2 1 1 1 1
18 1 3 2 1 1 1 2 1 4 1 7 1 1 1 2 1 3 1 1 1 4 1 1 1 2 1 2 3 1 9 1 2 1 4 2 3 1 2 1 2 1 2 1 1 1 1
18 1 3 2 3 2 1 4 1 7 1 1 1 2 1 3 1 1 1 4 1 4 1 2 3 1 9 1 2 1 4 2 3 1 5 1 2 1 1 1 1
18 1 3 3 2 2 1 4 1 7 1 1 1 2 1 3 1 1 1 4 2 3 1 2 3 1 9 1 2 1 4 2 3 1 1 1 3 1 2 1 1 1 1
18 1 3 4 1 2 1 2 1 1 1 2 1 4 1 2 1 7 1 4 3 1 2 1 1 1 2 1 3 1 3 1 2 1 1 1 5 1 4 1 1 1 2 1 1 1 2 1 1
18 1 3 4 1 2 1 4 1 7 1 1 1 2 1 3 1 1 1 4 3 2 1 2 3 1 9 1 2 1 4 2 3 1 1 2 2 1 2 1 1 1 1
18 12 1 1 1 1 2 4 1 2 1 9 2 1 8 1 2 1 1 1 1 1 3 1 2 1 1 1 7 2 1 1 1 2 1 3 2 1 1 1 1
18 12 1 1 4 4 1 2 1 9 2 1 8 1 2 3 1 1 3 1 2 1 1 1 7 2 1 1 1 2 1 3 2 1 3
18 16 1 4 1 1 1 2 1 3 1 4 1 1 4 1 2 1 6 1 6 1 2 1 4 1 3 2 1 3 1 2 1 1 1 4 1
18 2 1 1 1 1 1 2 1 2 1 1 1 1 1 3 1 1 1 2 1 3 1 6 1 1 1 3 1 2 2 1 1 1 1 1 5 1 2 1 4 1 4 1 2 1 3 1 3 1 1 1 1 1 1
18 2 1 1 1 1 2 1 1 1 1 1 1 2 1 3 1 1 1 2 1 3 1 6 1 1 1 6 1 1 1 1 2 1 5 1 2 1 4 1 4 1 2 1 8 1 1 2 1
18 2 1 1 1 1 2 1 1 1 2 1 1 1 1 3 1 1 1 2 1 3 1 6 1 1 1 6 1 2 1 1 1 1 5 1 2 1 4 1 4 1 2 1 9 1 1 1 1
18 2 1 1 1 1 2 1 1 2 1 1 1 1 1 3 1 1 1 2 1 3 1 6 1 1 1 6 2 1 1 1 1 1 5 1 2 1 4 1 4 1 2 1 7 1 1 1 1 1 1
18 2 1 1 1 1 2 1 1 2 3 1 1 3 1 1 1 2 1 3 1 6 1 1 1 6 2 3 1 1 5 1 2 1 4 1 4 1 2 1 7 1 3 1 1
18 2 1 1 1 1 2 1 1 4 1 1 1 3 1 1 1 2 1 3 1 6 1 1 1 6 4 1 1 1 5 1 2 1 4 1 4 1 2 1 7 3 1 1 1
18 2 1 1 1 1 2 3 1 1 1 2 1 3 1 1 1 2 1 3 1 6 1 1 1 5 2 1 1 1 2 1 5 1 2 1 4 1 4 1 2 1 5 1 2 1 1 2 1
18 2 1 1 1 1 2 3 2 1 1 1 1 3 1 1 1 2 1 3 1 6 1 1 1 5 2 2 1 1 1 1 5 1 2 1 4 1 4 1 2 1 5 1 3 1 1 1 1
18 2 1 1 1 1 2 4 1 1 1 1 1 3 1 1 1 2 1 3 1 6 1 1 1 5 3 1 1 1 1 1 5 1 2 1 4 1 4 1 2 1 5 1 1 1 1 1 1 1 1
18 2 1 1 1 2 1 1 1 1 1 1 1 2 1 3 1 1 1 2 1 3 1 6 1 1 1 2 1 3 1 1 1 1 2 1 5 1 2 1 4 1 4 1 2 1 2 1 5 1 1 2 1
18 2 1 1 1 2 1 1 1 1 2 1 1 1 1 3 1 1 1 2 1 3 1 6 1 1 1 2 1 3 1 2 1 1 1 1 5 1 2 1 4 1 4 1 2 1 2 1 6 1 1 1 1
18 2 1 1 1 2 1 3 1 1 1 1 2 3 1 1 1 2 1 3 1 6 1 1 1 2 1 2 2 1 1 1 1 2 5 1 2 1 4 1 4 1 2 1 2 1 2 1 2 1 1 1 2
18 2 1 1 1 2 1 3 1 1 1 2 1 3 1 1 1 2 1 3 1 6 1 1 1 2 1 2 2 1 1 1 2 1 5 1 2 1 4 1 4 1 2 1 2 1 2 1 2 1 1 2 1
18 2 1 1 1 2 1 3 2 1 1 1 1 3 1 1 1 2 1 3 1 6 1 1 1 2 1 2 2 2 1 1 1 1 5 1 2 1 4 1 4 1 2 1 2 1 2 1 3 1 1 1 1
18 2 1 1 1 2 1 5 1 2 1 4 1 4 1 2 1 5 2 1 1 1 1 2 5 1 1 1 6 1 3 1 2 1 1 1 3 2 1 1 1 1 3 2 1 1 1 1 2
18 2 1 1 1 3 2 2 1 1 1 1 1 4 1 4 1 8 1 2 1 1 1 1 1 2 2 1 1 1 11 1 4 1 3 2 1 1 1 1 1 1 2 1 2 1 1 1 1
18 2 1 1 1 3 2 4 1 1 1 4 1 4 1 8 1 2 1 1 1 1 1 2 4 1 11 1 4 1 3 2 1 1 1 1 1 1 2 1 1 2 1 1 1
18 2 1 1 1 5 1 2 1 2 1 4 1 4 1 2 1 5 2 1 1 1 1 1 3 1 2 1 1 1 6 1 3 1 2 1 1 1 3 2 1 1 1 1 1 1 1 1 2 1 1 1 2
18 2 1 1 1 8 1 2 1 4 1 4 1 2 1 5 2 1 1 1 1 1 6 1 1 1 6 1 3 1 2 1 1 1 3 2 1 1 1 1 1 1 1 2 1 1 1 1 2
18 2 1 1 2 2 2 2 1 1 1 1 1 4 1 4 1 8 1 2 1 3 1 2 2 1 1 1 11 1 4 1 3 2 1 1 3 1 2 1 2 1 1 1 1
18 2 1 1 2 2 2 4 1 1 1 4 1 4 1 8 1 2 1 3 1 2 4 1 11 1 4 1 3 2 1 1 3 1 2 1 1 2 1 1 1
18 2 1 2 1 1 1 1 2 3 1 1 1 6 1 1 1 2 1 3 1 2 2 2 1 1 1 5 2 1 1 1 8 1 2 1 4 1 1 2 1 1 2 1 5 1 2 1 1
18 2 1 2 1 1 1 2 1 3 1 1 1 6 1 1 1 2 1 3 1 2 2 2 1 1 1 2 1 2 2 1 1 1 8 1 2 1 4 1 1 2 1 1 2 1 2 1 2 1 2 1 1
18 2 1 2 1 2 2 2 1 1 1 1 1 4 1 4 1 8 1 2 2 2 1 2 2 1 1 1 11 1 4 1 3 2 1 2 2 1 2 1 2 1 1 1 1
18 2 1 2 1 4 1 4 2 6 1 1 1 2 1 3 1 2 2 2 1 1 2 1 1 2 3 2 8 1 2 1 4 1 1 2 1 1 2 2 1 1 2 1 1 1 2
18 2 1 2 1 4 1 5 1 6 1 1 1 2 1 3 1 2 2 2 1 1 2 1 1 2 4 1 8 1 2 1 4 1 1 2 1 1 2 2 1 1 2 1 1 2 1
18 2 1 2 3 1 2 3 1 1 1 6 1 1 1 2 1 3 1 2 2 2 1 7 2 1 1 1 8 1 2 1 4 1 1 2 1 1 8 1 2 1 1
18 2 1 2 3 2 1 3 1 1 1 6 1 1 1 2 1 3 1 2 2 2 1 4 1 2 2 1 1 1 8 1 2 1 4 1 1 2 1 1 5 1 2 1 2 1 1
18 2 1 4 1 3 1 2 1 1 1 2 1 4 1 2 1 7 2 1 1 1 2 1 3 1 1 1 2 1 3 1 3 1 2 1 1 1 5 2 1 1 1 1 2 1 1 1 1 1 2 1 1
18 2 1 4 3 2 1 1 1 1 1 4 1 4 1 8 1 2 3 4 2 1 1 1 11 1 4 1 3 2 1 3 4 1 2 1 1 1 1
18 2 1 5 1 1 3 1 1 1 1 2 1 4 1 2 1 7 2 1 1 1 3 1 1 4 2 1 3 1 3 1 2 1 1 1 5 2 1 1 1 1 1 1 7 1 1
18 2 1 5 1 2 1 2 1 1 1 2 1 4 1 2 1 7 2 1 1 1 3 1 2 1 1 1 2 1 3 1 3 1 2 1 1 1 5 2 1 1 1 1 1 1 2 1 1 1 2 1 1
18 2 1 5 2 2 1 1 1 1 1 4 1 4 1 8 1 2 3 1 1 2 2 1 1 1 11 1 4 1 3 2 1 3 1 1 2 1 2 1 1 1 1
18 2 1 8 1 2 1 1 1 2 1 4 1 2 1 7 2 1 1 1 6 1 1 1 2 1 3 1 3 1 2 1 1 1 5 2 1 1 1 1 1 2 1 1 1 1 2 1 1
18 2 2 1 1 1 1 3 1 2 1 1 1 2 1 4 1 2 1 7 2 4 1 1 3 1 1 1 2 1 3 1 3 1 2 1 1 1 5 2 6 1 1 1 1 1 2 1 1
18 2 2 1 1 2 1 2 1 2 1 1 1 2 1 4 1 2 1 7 2 4 2 1 2 1 1 1 2 1 3 1 3 1 2 1 1 1 5 2 5 1 2 1 1 1 2 1 1
18 2 2 1 1 2 2 2 1 1 1 1 1 4 1 4 1 8 1 3 1 2 1 2 2 1 1 1 11 1 4 1 3 2 2 1 2 1 2 1 2 1 1 1 1
18 2 2 1 1 2 3 1 1 1 1 1 1 4 1 4 1 8 1 3 1 2 1 3 1 1 1 1 11 1 4 1 3 2 2 1 2 1 5 1 1 1 1
18 2 2 1 1 5 1 2 1 1 1 2 1 4 1 2 1 7 2 4 5 1 1 1 2 1 3 1 3 1 2 1 1 1 5 2 5 2 1 1 1 1 2 1 1
18 2 2 2 1 1 1 2 1 4 1 7 1 1 1 2 1 3 1 1 2 3 1 1 1 2 1 2 3 1 9 1 2 1 4 3 2 1 2 1 2 1 2 1 1 1 1
18 2 2 2 1 2 1 1 1 2 1 1 1 3 1 1 1 2 1 3 1 6 1 2 1 2 1 2 1 1 2 1 1 1 5 1 2 1 4 1 4 1 3 1 2 1 4 2 1 1 1
18 2 2 2 1 4 1 1 2 1 1 3 1 1 1 2 1 3 1 6 1 2 1 2 1 1 2 1 1 2 1 1 5 1 2 1 4 1 4 1 3 1 2 1 1 1 2 1 2 1 1
18 2 2 2 1 4 1 2 1 1 1 3 1 1 1 2 1 3 1 6 1 2 1 2 1 1 2 1 2 1 1 1 5 1 2 1 4 1 4 1 3 1 2 1 1 1 2 2 1 1 1
18 2 2 2 2 1 1 1 1 2 1 1 1 3 1 1 1 2 1 3 1 6 1 2 1 5 1 1 2 1 1 1 5 1 2 1 4 1 4 1 3 1 7 2 1 1 1
18 2 2 2 2 3 1 1 2 1 1 3 1 1 1 2 1 3 1 6 1 2 1 4 2 1 1 2 1 1 5 1 2 1 4 1 4 1 3 1 4 1 2 1 2 1 1
18 2 2 2 2 3 1 2 1 1 1 3 1 1 1 2 1 3 1 6 1 2 1 4 2 1 2 1 1 1 5 1 2 1 4 1 4 1 3 1 4 1 2 2 1 1 1
18 2 2 2 3 2 1 4 1 7 1 1 1 2 1 3 1 1 2 3 1 4 1 2 3 1 9 1 2 1 4 3 2 1 5 1 2 1 1 1 1
18 2 2 3 1 1 1 1 1 2 1 1 1 3 1 1 1 2 1 3 1 6 1 2 1 1 1 3 1 1 2 1 1 1 5 1 2 1 4 1 4 1 3 1 1 1 5 2 1 1 1
18 2 2 3 1 2 2 2 1 1 1 2 1 4 1 2 1 7 2 3 2 1 2 2 1 1 2 1 3 1 3 1 2 1 1 1 5 2 3 1 2 1 3 1 2 1 1
18 2 2 3 1 3 1 1 2 1 1 3 1 1 1 2 1 3 1 6 1 2 1 1 1 2 2 1 1 2 1 1 5 1 2 1 4 1 4 1 3 1 1 1 2 1 2 1 2 1 1
18 2 2 3 1 3 1 2 1 1 1 2 1 4 1 2 1 7 2 3 2 1 3 1 1 1 2 1 3 1 3 1 2 1 1 1 5 2 3 1 2 1 1 1 1 1 2 1 1
18 2 2 3 1 3 1 2 1 1 1 3 1 1 1 2 1 3 1 6 1 2 1 1 1 2 2 1 2 1 1 1 5 1 2 1 4 1 4 1 3 1 1 1 2 1 2 2 1 1 1
18 2 2 3 2 2 1 2 1 1 1 2 1 4 1 2 1 7 2 3 2 2 2 1 1 1 2 1 3 1 3 1 2 1 1 1 5 2 3 1 4 1 1 1 2 1 1
18 2 2 3 2 2 1 4 1 7 1 1 1 2 1 3 1 1 2 3 2 3 1 2 3 1 9 1 2 1 4 3 2 1 1 1 3 1 2 1 1 1 1
18 2 2 3 2 3 1 1 1 1 1 4 1 4 1 8 1 3 2 3 3 1 1 1 11 1 4 1 3 2 2 2 3 2 2 1 1 1 1
18 2 2 3 3 2 1 1 1 1 1 4 1 4 1 8 1 3 2 4 2 1 1 1 11 1 4 1 3 2 2 2 4 1 2 1 1 1 1
18 2 2 3 4 1 1 1 1 1 1 4 1 4 1 8 1 3 2 5 1 1 1 1 11 1 4 1 3 2 2 2 7 1 1 1 1
18 2 2 4 1 1 2 2 1 1 1 2 1 4 1 2 1 7 2 3 3 1 1 2 1 1 2 1 3 1 3 1 2 1 1 1 5 2 3 1 1 1 4 1 2 1 1
18 2 2 4 1 1 2 4 1 7 1 1 1 2 1 3 1 1 2 3 3 5 3 1 9 1 2 1 4 3 2 1 1 2 5 1 1 1 1
18 2 2 4 1 2 1 2 1 1 1 2 1 4 1 2 1 7 2 3 3 1 2 1 1 1 2 1 3 1 3 1 2 1 1 1 5 2 3 1 1 1 2 1 1 1 2 1 1
18 2 2 4 1 2 1 4 1 7 1 1 1 2 1 3 1 1 2 3 3 2 1 2 3 1 9 1 2 1 4 3 2 1 1 2 2 1 2 1 1 1 1
18 2 2 4 1 3 1 1 1 1 1 4 1 4 1 8 1 3 2 1 1 1 3 1 1 1 11 1 4 1 3 2 2 2 1 1 1 2 2 1 1 1 1
18 2 2 4 2 2 1 1 1 1 1 4 1 4 1 8 1 3 2 1 1 2 2 1 1 1 11 1 4 1 3 2 2 2 1 1 2 1 2 1 1 1 1
18 2 2 4 3 1 1 1 1 1 1 4 1 4 1 8 1 3 2 1 1 3 1 1 1 1 11 1 4 1 3 2 2 2 1 1 5 1 1 1 1
18 2 2 5 1 1 1 1 2 1 1 3 1 1 1 2 1 3 1 6 1 2 1 1 2 2 1 1 1 2 1 1 5 1 2 1 4 1 4 1 3 1 1 2 4 1 2 1 1
18 2 2 5 1 1 1 2 1 1 1 3 1 1 1 2 1 3 1 6 1 2 1 1 2 2 1 1 2 1 1 1 5 1 2 1 4 1 4 1 3 1 1 2 4 2 1 1 1
18 2 2 6 2 2 1 1 1 2 1 4 1 2 1 7 2 3 5 2 1 1 2 1 3 1 3 1 2 1 1 1 5 2 3 1 1 2 3 1 2 1 1
18 2 2 7 1 1 2 1 1 3 1 1 1 2 1 3 1 6 1 2 1 1 2 1 2 1 1 2 1 1 5 1 2 1 4 1 4 1 3 1 1 2 1 1 2 1 2 1 1
18 2 2 7 1 2 1 1 1 2 1 4 1 2 1 7 2 3 6 1 1 1 2 1 3 1 3 1 2 1 1 1 5 2 3 1 1 2 1 1 1 1 2 1 1
18 2 2 7 1 2 1 1 1 3 1 1 1 2 1 3 1 6 1 2 1 1 2 1 2 1 2 1 1 1 5 1 2 1 4 1 4 1 3 1 1 2 1 1 2 2 1 1 1
18 2 3 1 1 2 1 2 1 1 1 1 1 3 1 1 1 2 1 3 1 6 1 5 1 2 2 1 1 1 1 1 5 1 2 1 4 1 4 1 6 1 3 1 1 1 1 1 1
18 2 3 1 1 4 1 2 1 1 1 3 1 1 1 2 1 3 1 6 1 5 1 1 2 1 2 1 1 1 5 1 2 1 4 1 4 1 6 1 1 1 2 2 1 1 1
18 2 3 1 1 5 1 1 1 1 1 3 1 1 1 2 1 3 1 6 1 5 1 1 3 1 1 1 1 1 5 1 2 1 4 1 4 1 6 1 1 1 1 1 1 1 1 1 1
18 2 3 1 2 1 1 1 1 2 1 1 1 3 1 1 1 2 1 3 1 6 1 8 1 1 2 1 1 1 5 1 2 1 4 1 4 1 11 2 1 1 1
18 2 3 1 2 1 1 2 1 1 1 1 1 3 1 1 1 2 1 3 1 6 1 8 2 1 1 1 1 1 5 1 2 1 4 1 4 1 10 1 1 1 1 1 1
18 2 3 1 2 1 1 4 1 1 1 3 1 1 1 2 1 3 1 6 1 8 4 1 1 1 5 1 2 1 4 1 4 1 10 3 1 1 1
18 2 3 1 2 3 1 2 1 1 1 3 1 1 1 2 1 3 1 6 1 7 2 1 2 1 1 1 5 1 2 1 4 1 4 1 8 1 2 2 1 1 1
18 2 3 1 2 4 1 1 1 1 1 3 1 1 1 2 1 3 1 6 1 7 3 1 1 1 1 1 5 1 2 1 4 1 4 1 8 1 1 1 1 1 1 1 1
18 2 3 2 1 1 1 1 1 2 1 1 1 3 1 1 1 2 1 3 1 6 1 4 1 3 1 1 2 1 1 1 5 1 2 1 4 1 4 1 5 1 5 2 1 1 1
18 2 3 2 1 1 1 2 1 1 1 1 1 3 1 1 1 2 1 3 1 6 1 4 1 3 2 1 1 1 1 1 5 1 2 1 4 1 4 1 5 1 4 1 1 1 1 1 1
18 2 3 2 1 1 1 4 1 1 1 3 1 1 1 2 1 3 1 6 1 4 1 3 4 1 1 1 5 1 2 1 4 1 4 1 5 1 4 3 1 1 1
18 2 3 2 1 3 1 2 1 1 1 3 1 1 1 2 1 3 1 6 1 4 1 2 2 1 2 1 1 1 5 1 2 1 4 1 4 1 5 1 2 1 2 2 1 1 1
18 2 3 2 1 4 1 1 1 1 1 3 1 1 1 2 1 3 1 6 1 4 1 2 3 1 1 1 1 1 5 1 2 1 4 1 4 1 5 1 2 1 1 1 1 1 1 1 1
18 2 3 2 1 6 1 1 1 3 1 1 1 2 1 3 1 6 1 4 1 2 5 1 1 1 5 1 2 1 4 1 4 1 5 1 2 1 1 3 1 1 1
18 2 3 2 3 2 1 1 1 1 1 4 1 4 1 8 1 4 1 4 2 1 1 1 11 1 4 1 3 2 3 1 4 1 2 1 1 1 1
18 2 3 3 2 2 1 1 1 1 1 4 1 4 1 8 1 4 1 1 1 2 2 1 1 1 11 1 4 1 3 2 3 1 1 1 2 1 2 1 1 1 1
18 2 3 3 2 3 2 1 1 4 1 4 1 8 1 4 1 1 1 2 3 2 11 1 4 1 3 2 3 1 1 1 2 1 1 1 2 1 1
18 2 3 3 3 1 1 1 1 1 1 4 1 4 1 8 1 4 1 1 1 3 1 1 1 1 11 1 4 1 3 2 3 1 1 1 5 1 1 1 1
18 2 3 3 3 3 1 1 1 4 1 4 1 8 1 4 1 1 1 3 3 1 11 1 4 1 3 2 3 1 1 1 4 2 1 1 1
18 2 4 2 2 2 1 1 1 1 1 4 1 4 1 8 1 6 1 2 2 1 1 1 11 1 4 1 3 2 5 1 2 1 2 1 1 1 1
18 2 4 2 3 1 1 1 1 1 1 4 1 4 1 8 1 6 1 3 1 1 1 1 11 1 4 1 3 2 5 1 5 1 1 1 1
18 2 4 2 3 3 1 1 1 4 1 4 1 8 1 6 1 3 3 1 11 1 4 1 3 2 5 1 4 2 1 1 1
18 3 1 1 1 1 1 1 1 6 1 4 1 4 1 2 1 5 3 1 1 3 1 1 5 1 6 1 3 1 2 1 1 1 3 3 1 1 5 1 1 3 2
18 3 1 1 1 1 1 2 1 5 1 4 1 4 1 2 1 5 3 1 1 3 2 1 4 1 6 1 3 1 2 1 1 1 3 3 1 1 4 1 2 3 2
18 3 1 1 1 1 1 5 1 2 1 4 1 4 1 2 1 5 3 1 1 3 5 1 1 1 6 1 3 1 2 1 1 1 3 3 1 1 4 2 1 1 1 1 2
18 3 1 1 1 1 1 8 1 4 1 4 1 2 1 5 3 1 1 3 7 1 6 1 3 1 2 1 1 1 3 3 1 1 4 2 1 3 2
18 3 1 1 1 1 2 1 1 3 1 1 1 4 1 1 1 2 1 3 1 4 1 1 1 1 1 6 3 1 1 1 6 1 2 1 4 1 3 2 2 1 7 2 1 1 1
18 3 1 1 1 1 2 1 3 1 1 1 1 2 1 4 1 2 1 7 3 3 1 2 1 4 2 1 3 1 3 1 2 1 1 1 5 3 12 1 1
18 3 1 1 1 1 2 2 2 1 1 1 1 2 1 4 1 2 1 7 3 3 1 2 2 3 2 1 3 1 3 1 2 1 1 1 5 3 7 1 4 1 1
18 3 1 1 1 1 2 3 1 1 1 1 1 4 1 1 1 2 1 3 1 4 1 1 1 1 1 5 2 1 1 1 1 1 6 1 2 1 4 1 3 2 2 1 5 1 2 1 1 1 1
18 3 1 1 1 1 2 4 2 1 1 4 1 1 1 2 1 3 1 4 1 1 1 1 1 5 3 2 1 1 6 1 2 1 4 1 3 2 2 1 5 1 1 1 2 1 1
18 3 1 1 1 1 2 5 1 1 1 4 1 1 1 2 1 3 1 4 1 1 1 1 1 5 4 1 1 1 6 1 2 1 4 1 3 2 2 1 5 1 1 2 1 1 1
18 3 1 1 1 10 1 4 1 4 1 2 1 5 3 1 1 2 8 1 6 1 3 1 2 1 1 1 3 3 1 1 2 1 1 2 1 3 2
18 3 1 1 1 2 1 1 1 1 1 1 1 1 1 4 1 1 1 2 1 3 1 4 1 1 1 1 1 2 1 3 1 1 1 1 1 1 6 1 2 1 4 1 3 2 2 1 2 1 5 1 1 1 1
18 3 1 1 1 2 1 1 1 1 1 1 1 1 1 4 1 4 1 8 1 1 1 1 1 2 1 1 1 1 1 1 1 1 11 1 4 1 3 3 1 1 2 1 1 1 3 1 1 1 1
18 3 1 1 1 2 1 1 1 1 3 1 1 4 1 1 1 2 1 3 1 4 1 1 1 1 1 2 1 3 1 3 1 1 6 1 2 1 4 1 3 2 2 1 2 1 7 1 1
18 3 1 1 1 2 1 1 1 2 1 1 2 4 1 1 1 2 1 3 1 4 1 1 1 1 1 2 1 3 2 1 1 2 6 1 2 1 4 1 3 2 2 1 2 1 4 1 1 1 2
18 3 1 1 1 2 1 1 1 2 1 2 1 4 1 1 1 2 1 3 1 4 1 1 1 1 1 2 1 3 2 1 2 1 6 1 2 1 4 1 3 2 2 1 2 1 4 1 1 2 1
18 3 1 1 1 2 1 1 1 2 2 1 1 4 1 1 1 2 1 3 1 4 1 1 1 1 1 2 1 3 2 2 1 1 6 1 2 1 4 1 3 2 2 1 2 1 4 1 2 1 1
18 3 1 1 1 2 1 1 1 2 2 1 1 4 1 4 1 8 1 1 1 1 1 2 1 1 1 1 2 2 11 1 4 1 3 3 1 1 2 1 1 1 2 1 2 1 1
18 3 1 1 1 2 1 1 1 3 1 1 1 4 1 1 1 2 1 3 1 4 1 1 1 1 1 2 1 3 3 1 1 1 6 1 2 1 4 1 3 2 2 1 2 1 4 2 1 1 1
18 3 1 1 1 2 1 1 1 4 2 4 1 1 1 2 1 3 1 4 1 1 1 1 1 2 1 3 4 2 6 1 2 1 4 1 3 2 2 1 2 1 4 3 2
18 3 1 1 1 2 1 1 1 5 1 4 1 1 1 2 1 3 1 4 1 1 1 1 1 2 1 3 5 1 6 1 2 1 4 1 3 2 2 1 2 1 4 4 1
18 3 1 1 1 2 1 1 3 1 1 1 1 2 1 4 1 2 1 7 3 3 2 1 1 4 2 1 3 1 3 1 2 1 1 1 5 3 4 1 7 1 1
18 3 1 1 1 2 1 2 2 1 1 1 1 2 1 4 1 2 1 7 3 3 2 1 2 3 2 1 3 1 3 1 2 1 1 1 5 3 4 1 2 1 4 1 1
18 3 1 1 1 2 1 3 1 1 1 1 1 4 1 1 1 2 1 3 1 4 1 1 1 1 1 2 1 2 2 1 1 1 1 1 6 1 2 1 4 1 3 2 2 1 2 1 2 1 2 1 1 1 1
18 3 1 1 1 2 1 3 1 1 1 1 1 4 1 4 1 8 1 1 1 1 1 2 1 1 3 1 1 1 11 1 4 1 3 3 1 1 2 1 1 2 2 1 1 1 1
18 3 1 1 1 2 1 3 1 1 1 1 2 4 1 2 1 9 2 2 1 1 2 1 2 1 2 1 1 1 1 1 3 1 2 1 1 1 7 2 4 1 2 2 2 1 1 1 1
18 3 1 1 1 2 1 3 1 2 2 4 1 1 1 2 1 3 1 4 1 1 1 1 1 2 1 2 2 1 2 2 6 1 2 1 4 1 3 2 2 1 2 1 2 1 2 2 2
18 3 1 1 1 2 1 3 1 3 1 4 1 1 1 2 1 3 1 4 1 1 1 1 1 2 1 2 2 1 3 1 6 1 2 1 4 1 3 2 2 1 2 1 2 1 2 3 1
18 3 1 1 1 2 1 3 2 1 2 4 1 1 1 2 1 3 1 4 1 1 1 1 1 2 1 2 2 2 1 2 6 1 2 1 4 1 3 2 2 1 2 1 2 1 3 1 2
18 3 1 1 1 2 1 3 2 2 1 4 1 1 1 2 1 3 1 4 1 1 1 1 1 2 1 2 2 2 2 1 6 1 2 1 4 1 3 2 2 1 2 1 2 1 3 2 1
18 3 1 1 1 2 1 3 3 1 1 4 1 1 1 2 1 3 1 4 1 1 1 1 1 2 1 2 2 3 1 1 6 1 2 1 4 1 3 2 2 1 2 1 2 1 4 1 1
18 3 1 1 1 2 1 3 3 1 2 4 1 2 1 9 2 2 1 1 2 1 2 1 1 2 1 1 1 1 3 1 2 1 1 1 7 2 4 1 2 2 4 1 1
18 3 1 1 1 2 1 4 2 1 1 4 1 1 1 2 1 3 1 4 1 1 1 1 1 2 1 2 3 2 1 1 6 1 2 1 4 1 3 2 2 1 2 1 2 1 1 1 2 1 1
18 3 1 1 1 2 1 5 1 1 1 4 1 1 1 2 1 3 1 4 1 1 1 1 1 2 1 2 4 1 1 1 6 1 2 1 4 1 3 2 2 1 2 1 2 1 1 2 1 1 1
18 3 1 1 1 2 2 2 1 1 1 1 1 4 1 4 1 8 1 1 1 1 1 2 1 2 2 1 1 1 11 1 4 1 3 3 1 1 2 1 2 1 2 1 1 1 1
18 3 1 1 1 2 2 2 1 1 1 1 2 4 1 2 1 9 2 2 1 1 2 2 1 1 2 1 1 1 1 1 3 1 2 1 1 1 7 2 4 1 3 1 2 1 1 1 1
18 3 1 1 1 2 3 1 1 1 1 1 1 4 1 4 1 8 1 1 1 1 1 2 1 3 1 1 1 1 11 1 4 1 3 3 1 1 2 1 5 1 1 1 1
18 3 1 1 1 2 3 2 2 1 1 4 1 4 1 8 1 1 1 1 1 2 1 3 2 2 11 1 4 1 3 3 1 1 2 1 4 1 2 1 1
18 3 1 1 1 3 1 2 1 1 1 1 2 4 1 2 1 9 2 2 1 1 3 1 1 1 2 1 1 1 1 1 3 1 2 1 1 1 7 2 4 1 1 1 1 1 2 1 1 1 1
18 3 1 1 1 3 1 3 1 2 1 4 1 4 1 2 1 5 3 1 1 2 2 1 3 1 1 1 6 1 3 1 2 1 1 1 3 3 1 1 2 1 2 1 1 1 1 1 2
18 3 1 1 1 3 1 6 1 4 1 4 1 2 1 5 3 1 1 2 2 1 5 1 6 1 3 1 2 1 1 1 3 3 1 1 2 1 2 1 1 3 2
18 3 1 1 1 3 2 1 1 1 1 1 2 4 1 2 1 9 2 2 1 1 3 3 2 1 1 1 1 1 3 1 2 1 1 1 7 2 4 1 1 1 4 1 1 1 1
18 3 1 1 1 4 1 1 1 1 1 1 2 4 1 2 1 9 2 2 1 1 4 2 2 1 1 1 1 1 3 1 2 1 1 1 7 2 4 1 1 2 3 1 1 1 1
18 3 1 1 1 4 1 5 1 4 1 4 1 2 1 5 3 1 1 2 3 1 4 1 6 1 3 1 2 1 1 1 3 3 1 1 2 1 1 1 2 3 2
18 3 1 1 1 6 1 1 1 1 2 4 1 2 1 9 2 2 1 1 5 1 2 1 1 1 1 1 3 1 2 1 1 1 7 2 4 1 1 3 2 1 1 1 1
18 3 1 1 1 7 1 2 1 4 1 4 1 2 1 5 3 1 1 2 6 1 1 1 6 1 3 1 2 1 1 1 3 3 1 1 2 1 1 2 1 1 1 1 2
18 3 1 1 1 7 2 1 1 4 1 1 1 2 1 3 1 4 1 1 1 1 1 2 2 1 3 2 1 1 6 1 2 1 4 1 3 2 2 1 2 2 1 1 1 1 2 1 1
18 3 1 1 2 1 1 3 1 1 1 1 2 4 1 2 1 9 2 2 1 2 1 1 2 1 2 1 1 1 1 1 3 1 2 1 1 1 7 2 7 2 2 1 1 1 1
18 3 1 1 2 1 2 2 1 1 1 1 2 4 1 2 1 9 2 2 1 2 1 2 1 1 2 1 1 1 1 1 3 1 2 1 1 1 7 2 8 1 2 1 1 1 1
18 3 1 1 2 2 1 2 1 1 1 1 2 4 1 2 1 9 2 2 1 2 2 1 1 1 2 1 1 1 1 1 3 1 2 1 1 1 7 2 6 1 1 1 2 1 1 1 1
18 3 1 1 2 2 2 1 1 1 1 1 2 4 1 2 1 9 2 2 1 2 2 3 2 1 1 1 1 1 3 1 2 1 1 1 7 2 6 1 4 1 1 1 1
18 3 1 1 2 3 1 1 1 1 1 1 2 4 1 2 1 9 2 2 1 2 3 2 2 1 1 1 1 1 3 1 2 1 1 1 7 2 6 2 3 1 1 1 1
18 3 1 1 2 5 1 1 1 1 2 4 1 2 1 9 2 2 1 2 4 1 2 1 1 1 1 1 3 1 2 1 1 1 7 2 6 3 2 1 1 1 1
18 3 1 2 1 1 1 1 1 4 2 7 1 1 1 2 1 3 1 1 3 2 1 1 1 3 1 1 2 2 9 1 2 1 4 4 1 1 2 1 3 1 1 1 3
18 3 1 2 1 1 1 1 2 1 1 2 1 7 1 1 1 2 1 3 1 1 3 2 1 1 1 6 2 1 9 1 2 1 4 4 1 1 2 1 7 1 1
18 3 1 2 1 1 1 1 2 4 1 7 1 1 1 2 1 3 1 1 3 2 1 1 1 5 3 1 9 1 2 1 4 4 1 1 2 1 5 1 1 1 1
18 3 1 2 1 1 1 2 1 1 1 2 1 7 1 1 1 2 1 3 1 1 3 2 1 1 1 2 1 3 2 1 9 1 2 1 4 4 1 1 2 1 2 1 4 1 1
18 3 1 2 1 1 1 2 1 4 1 7 1 1 1 2 1 3 1 1 3 2 1 1 1 2 1 2 3 1 9 1 2 1 4 4 1 1 2 1 2 1 2 1 1 1 1
18 3 1 2 1 1 1 3 1 1 1 1 2 4 1 2 1 9 2 2 2 1 1 1 2 1 2 1 1 1 1 1 3 1 2 1 1 1 7 2 3 1 3 2 2 1 1 1 1
18 3 1 2 1 1 1 6 2 7 1 1 1 2 1 3 1 1 3 2 1 1 1 2 2 1 2 2 9 1 2 1 4 4 1 1 2 1 2 2 1 1 3
18 3 1 2 1 1 2 2 1 1 1 1 2 4 1 2 1 9 2 2 2 1 1 2 1 1 2 1 1 1 1 1 3 1 2 1 1 1 7 2 3 1 4 1 2 1 1 1 1
18 3 1 2 1 2 1 1 1 1 1 1 2 3 1 4 1 10 2 1 1 2 2 1 1 1 1 1 2 1 8 1 4 1 4 3 1 1 2 2 3 1 1 1 2
18 3 1 2 1 2 1 1 1 3 2 3 1 4 1 10 2 1 1 2 2 1 1 1 4 1 8 1 4 1 4 3 1 1 2 2 3 3 2
18 3 1 2 1 2 1 1 2 2 2 3 1 4 1 10 2 1 1 2 2 1 1 2 3 1 8 1 4 1 4 3 1 1 2 2 4 2 2
18 3 1 2 1 2 1 1 3 1 2 3 1 4 1 10 2 1 1 2 2 1 1 3 2 1 8 1 4 1 4 3 1 1 2 2 5 1 2
18 3 1 2 1 2 1 2 1 1 1 1 2 4 1 2 1 9 2 2 2 1 2 1 1 1 2 1 1 1 1 1 3 1 2 1 1 1 7 2 3 1 2 1 1 1 2 1 1 1 1
18 3 1 2 1 2 1 2 1 1 3 3 1 4 1 10 2 1 1 2 2 1 2 1 1 1 1 1 8 1 4 1 4 3 1 1 2 2 2 1 1 1 3
18 3 1 2 1 2 1 2 1 1 4 4 1 2 1 9 2 2 2 1 2 1 1 1 2 3 1 1 3 1 2 1 1 1 7 2 3 1 2 1 1 1 2 1 3
18 3 1 2 1 2 1 2 1 2 2 3 1 4 1 10 2 1 1 2 2 1 2 1 3 1 8 1 4 1 4 3 1 1 2 2 2 1 1 2 2
18 3 1 2 1 2 1 2 1 2 2 3 1 4 1 2 1 6 3 1 1 2 2 1 2 1 1 1 1 1 4 1 3 1 2 1 1 1 4 3 1 1 3 1 2 1 1 1 3
18 3 1 2 1 2 1 2 1 2 3 4 1 2 1 9 2 2 2 1 2 1 1 1 3 2 1 1 3 1 2 1 1 1 7 2 3 1 2 1 1 1 2 2 2
18 3 1 2 1 2 1 2 1 3 2 4 1 2 1 9 2 2 2 1 2 1 1 1 4 1 1 1 3 1 2 1 1 1 7 2 3 1 2 1 1 1 2 3 1
18 3 1 2 1 2 1 2 2 1 2 3 1 4 1 10 2 1 1 2 2 1 2 2 2 1 8 1 4 1 4 3 1 1 2 2 2 1 2 1 2
18 3 1 2 1 2 1 2 2 1 3 4 1 2 1 9 2 2 2 1 2 1 1 1 1 1 1 2 1 1 3 1 2 1 1 1 7 2 3 1 2 1 1 1 3 1 2
18 3 1 2 1 2 1 2 2 2 2 4 1 2 1 9 2 2 2 1 2 1 1 1 1 1 2 1 1 1 3 1 2 1 1 1 7 2 3 1 2 1 1 1 3 2 1
18 3 1 2 1 2 1 2 3 1 2 4 1 2 1 9 2 2 2 1 2 1 1 1 1 2 1 1 1 1 3 1 2 1 1 1 7 2 3 1 2 1 1 1 4 1 1
18 3 1 2 1 2 1 3 1 1 2 3 1 4 1 10 2 1 1 2 2 1 3 1 2 1 8 1 4 1 4 3 1 1 2 2 2 2 1 1 2
18 3 1 2 1 2 1 5 2 3 1 4 1 10 2 1 1 2 2 1 6 1 8 1 4 1 4 3 1 1 2 2 2 4 2
18 3 1 2 1 2 2 1 1 1 1 1 2 4 1 2 1 9 2 2 2 1 2 3 2 1 1 1 1 1 3 1 2 1 1 1 7 2 3 1 2 1 4 1 1 1 1
18 3 1 2 1 2 2 1 1 2 3 4 1 2 1 9 2 2 2 1 2 3 3 2 1 1 3 1 2 1 1 1 7 2 3 1 2 1 4 2 2
18 3 1 2 1 2 2 1 1 3 2 4 1 2 1 9 2 2 2 1 2 3 4 1 1 1 3 1 2 1 1 1 7 2 3 1 2 1 4 3 1
18 3 1 2 1 2 2 1 2 1 3 4 1 2 1 9 2 2 2 1 2 3 1 1 1 2 1 1 3 1 2 1 1 1 7 2 3 1 2 1 5 1 2
18 3 1 2 1 2 2 1 2 2 2 4 1 2 1 9 2 2 2 1 2 3 1 1 2 1 1 1 3 1 2 1 1 1 7 2 3 1 2 1 5 2 1
18 3 1 2 1 2 2 1 3 1 2 4 1 2 1 9 2 2 2 1 2 3 1 2 1 1 1 1 3 1 2 1 1 1 7 2 3 1 2 1 6 1 1
18 3 1 2 1 3 1 1 1 1 1 1 2 4 1 2 1 9 2 2 2 1 3 2 2 1 1 1 1 1 3 1 2 1 1 1 7 2 3 1 2 2 3 1 1 1 1
18 3 1 2 1 3 1 1 1 2 3 4 1 2 1 9 2 2 2 1 3 2 3 2 1 1 3 1 2 1 1 1 7 2 3 1 2 2 3 2 2
18 3 1 2 1 3 1 1 1 3 2 4 1 2 1 9 2 2 2 1 3 2 4 1 1 1 3 1 2 1 1 1 7 2 3 1 2 2 3 3 1
18 3 1 2 1 3 1 1 2 1 3 4 1 2 1 9 2 2 2 1 3 2 1 1 1 2 1 1 3 1 2 1 1 1 7 2 3 1 2 2 4 1 2
18 3 1 2 1 3 1 1 2 2 2 4 1 2 1 9 2 2 2 1 3 2 1 1 2 1 1 1 3 1 2 1 1 1 7 2 3 1 2 2 4 2 1
18 3 1 2 1 3 1 1 3 1 2 4 1 2 1 9 2 2 2 1 3 2 1 2 1 1 1 1 3 1 2 1 1 1 7 2 3 1 2 2 5 1 1
18 3 1 2 1 3 1 4 2 7 1 1 1 2 1 3 1 1 3 2 1 1 2 2 1 1 2 2 9 1 2 1 4 4 1 1 2 2 2 1 1 1 3
18 3 1 2 1 3 2 4 1 7 1 1 1 2 1 3 1 1 3 2 1 1 2 4 3 1 9 1 2 1 4 4 1 1 2 2 4 1 1 1 1
18 3 1 2 1 4 1 3 2 3 1 4 1 10 2 1 1 2 4 1 4 1 8 1 4 1 4 3 1 1 2 3 2 3 2
18 3 1 2 1 4 1 3 2 7 1 1 1 2 1 3 1 1 3 2 1 1 2 1 1 2 2 2 9 1 2 1 4 4 1 1 2 2 1 1 2 1 3
18 3 1 2 1 4 2 2 2 3 1 4 1 10 2 1 1 2 4 2 3 1 8 1 4 1 4 3 1 1 2 3 3 2 2
18 3 1 2 1 4 3 1 2 3 1 4 1 10 2 1 1 2 4 3 2 1 8 1 4 1 4 3 1 1 2 3 4 1 2
18 3 1 2 1 5 1 1 1 1 2 4 1 2 1 9 2 2 2 1 4 1 2 1 1 1 1 1 3 1 2 1 1 1 7 2 3 1 2 3 2 1 1 1 1
18 3 1 2 1 5 1 2 2 3 1 4 1 2 1 6 3 1 1 2 5 1 1 1 1 1 4 1 3 1 2 1 1 1 4 3 1 1 3 2 1 1 1 1 3
18 3 1 2 1 5 1 2 3 4 1 2 1 9 2 2 2 1 4 1 3 2 1 1 3 1 2 1 1 1 7 2 3 1 2 3 2 2 2
18 3 1 2 1 5 1 3 2 4 1 2 1 9 2 2 2 1 4 1 4 1 1 1 3 1 2 1 1 1 7 2 3 1 2 3 2 3 1
18 3 1 2 1 5 2 1 3 4 1 2 1 9 2 2 2 1 4 1 1 1 1 2 1 1 3 1 2 1 1 1 7 2 3 1 2 3 3 1 2
18 3 1 2 1 5 2 2 2 4 1 2 1 9 2 2 2 1 4 1 1 1 2 1 1 1 3 1 2 1 1 1 7 2 3 1 2 3 3 2 1
18 3 1 2 1 5 3 1 2 4 1 2 1 9 2 2 2 1 4 1 1 2 1 1 1 1 3 1 2 1 1 1 7 2 3 1 2 3 4 1 1
18 3 1 2 1 8 2 7 1 1 1 2 1 3 1 1 3 2 1 1 2 1 2 1 2 2 9 1 2 1 4 4 1 1 2 2 1 2 1 1 3
18 3 1 2 2 1 1 1 2 2 2 3 1 4 1 10 2 1 1 3 1 1 1 2 3 1 8 1 4 1 4 3 1 1 3 1 4 2 2
18 3 1 2 2 1 1 2 1 1 3 3 1 4 1 10 2 1 1 3 1 1 2 1 1 1 1 1 8 1 4 1 4 3 1 1 3 1 2 1 1 1 3
18 3 1 2 2 1 1 5 2 3 1 1 1 2 1 3 1 6 2 1 1 5 5 2 5 1 2 1 4 1 4 1 1 1 1 1 6 4 2
18 3 1 2 2 1 1 6 1 3 1 1 1 2 1 3 1 6 2 1 1 5 6 1 5 1 2 1 4 1 4 1 1 1 1 1 6 5 1
18 3 1 2 2 2 1 4 2 7 1 1 1 2 1 3 1 1 3 2 1 2 1 2 1 1 2 2 9 1 2 1 4 4 1 1 3 1 2 1 1 1 3
18 3 1 2 2 2 2 4 1 7 1 1 1 2 1 3 1 1 3 2 1 2 1 4 3 1 9 1 2 1 4 4 1 1 3 1 4 1 1 1 1
18 3 1 2 2 3 1 3 2 7 1 1 1 2 1 3 1 1 3 2 1 2 1 1 1 2 2 2 9 1 2 1 4 4 1 1 3 1 1 1 2 1 3
18 3 1 2 2 3 2 2 2 3 1 4 1 10 2 1 1 3 3 2 3 1 8 1 4 1 4 3 1 1 3 2 3 2 2
18 3 1 2 3 1 1 4 2 7 1 1 1 2 1 3 1 1 3 2 1 5 1 1 2 2 9 1 2 1 4 4 1 1 6 1 1 1 3
18 3 1 2 3 1 2 1 1 2 1 7 1 1 1 2 1 3 1 1 3 2 1 8 2 1 9 1 2 1 4 4 1 1 10 1 1
18 3 1 2 3 1 2 4 1 7 1 1 1 2 1 3 1 1 3 2 1 7 3 1 9 1 2 1 4 4 1 1 8 1 1 1 1
18 3 1 2 3 2 1 1 1 2 1 7 1 1 1 2 1 3 1 1 3 2 1 4 1 3 2 1 9 1 2 1 4 4 1 1 5 1 4 1 1
18 3 1 2 3 2 1 3 2 7 1 1 1 2 1 3 1 1 3 2 1 4 1 2 2 2 9 1 2 1 4 4 1 1 5 1 2 1 3
18 3 1 2 3 2 1 4 1 7 1 1 1 2 1 3 1 1 3 2 1 4 1 2 3 1 9 1 2 1 4 4 1 1 5 1 2 1 1 1 1
18 3 1 2 3 6 2 7 1 1 1 2 1 3 1 1 3 2 1 4 2 1 2 2 9 1 2 1 4 4 1 1 5 2 1 1 3
18 3 1 3 1 1 1 2 1 1 3 3 1 4 1 10 2 1 1 1 1 1 1 1 2 1 1 1 1 1 8 1 4 1 4 3 1 1 1 1 1 1 2 1 1 1 3
18 3 1 3 1 1 1 5 2 3 1 1 1 2 1 3 1 6 2 1 1 1 1 3 5 2 5 1 2 1 4 1 4 1 1 1 1 1 1 1 4 4 2
18 3 1 3 1 1 1 6 1 3 1 1 1 2 1 3 1 6 2 1 1 1 1 3 6 1 5 1 2 1 4 1 4 1 1 1 1 1 1 1 4 5 1
18 3 1 3 1 2 1 2 1 2 1 4 1 4 1 2 1 5 3 1 2 2 2 1 2 1 1 1 6 1 3 1 2 1 1 1 3 3 1 2 3 1 2 1 1 1 2
18 3 1 3 1 5 1 2 1 4 1 4 1 2 1 5 3 1 2 2 5 1 1 1 6 1 3 1 2 1 1 1 3 3 1 2 3 2 1 1 1 1 2
18 3 1 3 2 1 1 4 2 7 1 1 1 2 1 3 1 1 3 2 2 4 1 1 2 2 9 1 2 1 4 4 1 1 1 1 4 1 1 1 3
18 3 1 3 2 1 2 2 1 1 1 2 1 4 1 2 1 7 3 2 2 2 1 2 1 1 2 1 3 1 3 1 2 1 1 1 5 3 2 1 6 1 2 1 1
18 3 1 3 2 1 2 4 1 7 1 1 1 2 1 3 1 1 3 2 2 6 3 1 9 1 2 1 4 4 1 1 1 1 6 1 1 1 1
18 3 1 3 2 2 1 2 1 1 1 2 1 4 1 2 1 7 3 2 2 2 2 1 1 1 2 1 3 1 3 1 2 1 1 1 5 3 2 1 4 1 1 1 2 1 1
18 3 1 3 2 2 1 3 2 7 1 1 1 2 1 3 1 1 3 2 2 3 1 2 2 2 9 1 2 1 4 4 1 1 1 1 3 1 2 1 3
18 3 1 3 2 2 1 4 1 7 1 1 1 2 1 3 1 1 3 2 2 3 1 2 3 1 9 1 2 1 4 4 1 1 1 1 3 1 2 1 1 1 1
18 3 1 3 2 3 1 1 1 1 1 4 1 1 1 2 1 3 1 4 1 1 1 1 2 4 2 1 1 1 1 1 6 1 2 1 4 1 3 2 2 2 4 1 2 1 1 1 1
18 3 1 3 2 3 1 1 3 4 1 1 1 2 1 3 1 4 1 1 1 1 2 4 2 1 1 3 6 1 2 1 4 1 3 2 2 2 4 1 2 1 3
18 3 1 3 2 4 2 1 1 4 1 1 1 2 1 3 1 4 1 1 1 1 2 4 3 2 1 1 6 1 2 1 4 1 3 2 2 2 4 1 1 1 2 1 1
18 3 1 3 2 5 1 1 1 4 1 1 1 2 1 3 1 4 1 1 1 1 2 4 4 1 1 1 6 1 2 1 4 1 3 2 2 2 4 1 1 2 1 1 1
18 3 1 3 2 6 2 7 1 1 1 2 1 3 1 1 3 2 2 3 2 1 2 2 9 1 2 1 4 4 1 1 1 1 3 2 1 1 3
18 3 1 4 1 1 1 1 1 1 1 1 1 4 1 1 1 2 1 3 1 4 1 1 1 1 2 1 1 3 1 1 1 1 1 1 6 1 2 1 4 1 3 2 2 2 1 1 5 1 1 1 1
18 3 1 4 1 1 1 1 3 1 1 4 1 4 1 8 1 1 1 1 2 1 1 1 1 1 1 3 11 1 4 1 3 3 1 2 1 1 1 1 5 1 1
18 3 1 4 1 1 1 3 1 1 1 4 1 1 1 2 1 3 1 4 1 1 1 1 2 1 1 3 3 1 1 1 6 1 2 1 4 1 3 2 2 2 1 1 4 2 1 1 1
18 3 1 4 1 1 1 4 2 7 1 1 1 2 1 3 1 1 3 2 3 3 1 1 2 2 9 1 2 1 4 4 1 1 1 2 3 1 1 1 3
18 3 1 4 1 1 2 2 1 1 1 2 1 4 1 2 1 7 3 2 3 1 1 2 1 1 2 1 3 1 3 1 2 1 1 1 5 3 2 1 1 1 4 1 2 1 1
18 3 1 4 1 1 2 4 1 7 1 1 1 2 1 3 1 1 3 2 3 5 3 1 9 1 2 1 4 4 1 1 1 2 5 1 1 1 1
18 3 1 4 1 1 3 1 1 1 1 2 1 4 1 2 1 7 3 2 3 1 1 4 2 1 3 1 3 1 2 1 1 1 5 3 2 1 1 1 7 1 1
18 3 1 4 1 2 1 2 1 1 1 2 1 4 1 2 1 7 3 2 3 1 2 1 1 1 2 1 3 1 3 1 2 1 1 1 5 3 2 1 1 1 2 1 1 1 2 1 1
18 3 1 4 1 2 1 3 2 7 1 1 1 2 1 3 1 1 3 2 3 2 1 2 2 2 9 1 2 1 4 4 1 1 1 2 2 1 2 1 3
18 3 1 4 1 2 1 4 1 7 1 1 1 2 1 3 1 1 3 2 3 2 1 2 3 1 9 1 2 1 4 4 1 1 1 2 2 1 2 1 1 1 1
18 3 1 4 1 3 1 1 1 1 1 4 1 1 1 2 1 3 1 4 1 1 1 1 2 1 1 2 2 1 1 1 1 1 6 1 2 1 4 1 3 2 2 2 1 1 2 1 2 1 1 1 1
18 3 1 4 1 3 1 1 1 1 2 4 1 2 1 9 2 2 4 1 2 1 2 1 1 1 1 1 3 1 2 1 1 1 7 2 3 2 2 2 2 1 1 1 1
18 3 1 4 1 3 1 1 3 4 1 1 1 2 1 3 1 4 1 1 1 1 2 1 1 2 2 1 1 3 6 1 2 1 4 1 3 2 2 2 1 1 2 1 2 1 3
18 3 1 4 1 3 1 1 4 4 1 2 1 9 2 2 4 1 2 1 2 3 1 1 3 1 2 1 1 1 7 2 3 2 2 2 2 1 3
18 3 1 4 1 3 3 1 1 4 1 1 1 2 1 3 1 4 1 1 1 1 2 1 1 2 2 3 1 1 6 1 2 1 4 1 3 2 2 2 1 1 2 1 4 1 1
18 3 1 4 1 4 2 1 1 4 1 1 1 2 1 3 1 4 1 1 1 1 2 1 1 2 3 2 1 1 6 1 2 1 4 1 3 2 2 2 1 1 2 1 1 1 2 1 1
18 3 1 4 1 5 1 1 1 4 1 1 1 2 1 3 1 4 1 1 1 1 2 1 1 2 4 1 1 1 6 1 2 1 4 1 3 2 2 2 1 1 2 1 1 2 1 1 1
18 3 1 4 1 6 2 7 1 1 1 2 1 3 1 1 3 2 3 2 2 1 2 2 9 1 2 1 4 4 1 1 1 2 2 2 1 1 3
18 3 1 4 2 2 1 1 1 1 2 4 1 2 1 9 2 2 4 2 1 1 2 1 1 1 1 1 3 1 2 1 1 1 7 2 3 2 3 1 2 1 1 1 1
18 3 1 4 2 2 1 1 4 4 1 2 1 9 2 2 4 2 1 1 2 3 1 1 3 1 2 1 1 1 7 2 3 2 3 1 2 1 3
18 3 1 4 3 1 3 1 1 4 1 4 1 8 1 1 1 1 2 1 1 3 1 3 11 1 4 1 3 3 1 2 1 1 7 1 1
18 3 1 5 1 1 1 3 2 3 1 4 1 10 2 1 1 1 3 1 1 1 4 1 8 1 4 1 4 3 1 1 1 3 3 3 2
18 3 1 5 1 1 2 2 2 3 1 4 1 10 2 1 1 1 3 1 1 2 3 1 8 1 4 1 4 3 1 1 1 3 4 2 2
18 3 1 5 1 1 2 2 2 3 1 4 1 2 1 6 3 1 1 1 3 1 1 2 1 1 1 1 4 1 3 1 2 1 1 1 4 3 1 1 1 1 1 1 4 1 3
18 3 1 5 1 2 1 1 1 1 2 4 1 2 1 9 2 2 5 1 1 1 2 1 1 1 1 1 3 1 2 1 1 1 7 2 3 2 1 1 1 1 2 1 1 1 1
18 3 1 5 1 2 1 1 3 3 1 4 1 10 2 1 1 1 3 1 2 1 1 1 1 1 8 1 4 1 4 3 1 1 1 3 2 1 1 1 3
18 3 1 5 1 2 1 1 4 4 1 2 1 9 2 2 5 1 1 1 2 3 1 1 3 1 2 1 1 1 7 2 3 2 1 1 1 1 2 1 3
18 3 1 5 1 2 1 2 2 3 1 4 1 10 2 1 1 1 3 1 2 1 3 1 8 1 4 1 4 3 1 1 1 3 2 1 1 2 2
18 3 1 5 1 2 1 2 2 3 1 4 1 2 1 6 3 1 1 1 3 1 2 1 1 1 1 1 4 1 3 1 2 1 1 1 4 3 1 1 1 1 1 1 2 1 1 1 3
18 3 1 5 1 2 1 2 3 4 1 2 1 9 2 2 5 1 1 1 3 2 1 1 3 1 2 1 1 1 7 2 3 2 1 1 1 1 2 2 2
18 3 1 5 1 2 1 3 2 4 1 2 1 9 2 2 5 1 1 1 4 1 1 1 3 1 2 1 1 1 7 2 3 2 1 1 1 1 2 3 1
18 3 1 5 1 2 2 1 3 4 1 2 1 9 2 2 5 1 1 1 1 1 1 2 1 1 3 1 2 1 1 1 7 2 3 2 1 1 1 1 3 1 2
18 3 1 5 1 2 2 2 2 4 1 2 1 9 2 2 5 1 1 1 1 1 2 1 1 1 3 1 2 1 1 1 7 2 3 2 1 1 1 1 3 2 1
18 3 1 5 1 2 3 1 2 4 1 2 1 9 2 2 5 1 1 1 1 2 1 1 1 1 3 1 2 1 1 1 7 2 3 2 1 1 1 1 4 1 1
18 3 1 5 1 5 2 3 1 1 1 2 1 3 1 6 2 1 1 1 2 2 5 2 5 1 2 1 4 1 4 1 1 1 1 1 1 2 3 4 2
18 3 1 5 1 5 2 3 1 4 1 10 2 1 1 1 3 1 6 1 8 1 4 1 4 3 1 1 1 3 2 4 2
18 3 1 5 1 6 1 3 1 1 1 2 1 3 1 6 2 1 1 1 2 2 6 1 5 1 2 1 4 1 4 1 1 1 1 1 1 2 3 5 1
18 3 1 5 2 1 1 1 1 1 2 4 1 2 1 9 2 2 5 3 2 1 1 1 1 1 3 1 2 1 1 1 7 2 3 2 1 1 4 1 1 1 1
18 3 1 5 2 1 1 1 4 4 1 2 1 9 2 2 5 3 2 3 1 1 3 1 2 1 1 1 7 2 3 2 1 1 4 1 3
18 3 1 5 2 1 1 2 3 4 1 2 1 9 2 2 5 3 3 2 1 1 3 1 2 1 1 1 7 2 3 2 1 1 4 2 2
18 3 1 5 2 1 1 3 2 4 1 2 1 9 2 2 5 3 4 1 1 1 3 1 2 1 1 1 7 2 3 2 1 1 4 3 1
18 3 1 5 2 1 2 1 3 4 1 2 1 9 2 2 5 3 1 1 1 2 1 1 3 1 2 1 1 1 7 2 3 2 1 1 5 1 2
18 3 1 5 2 1 2 2 2 4 1 2 1 9 2 2 5 3 1 1 2 1 1 1 3 1 2 1 1 1 7 2 3 2 1 1 5 2 1
18 3 1 5 2 1 3 1 2 4 1 2 1 9 2 2 5 3 1 2 1 1 1 1 3 1 2 1 1 1 7 2 3 2 1 1 6 1 1
18 3 1 6 1 1 1 1 1 1 2 4 1 2 1 9 2 2 6 2 2 1 1 1 1 1 3 1 2 1 1 1 7 2 3 2 1 2 3 1 1 1 1
18 3 1 6 1 1 1 1 4 4 1 2 1 9 2 2 6 2 2 3 1 1 3 1 2 1 1 1 7 2 3 2 1 2 3 1 3
18 3 1 6 1 1 1 2 3 4 1 2 1 9 2 2 6 2 3 2 1 1 3 1 2 1 1 1 7 2 3 2 1 2 3 2 2
18 3 1 6 1 1 1 3 2 4 1 2 1 9 2 2 6 2 4 1 1 1 3 1 2 1 1 1 7 2 3 2 1 2 3 3 1
18 3 1 6 1 1 2 1 3 4 1 2 1 9 2 2 6 2 1 1 1 2 1 1 3 1 2 1 1 1 7 2 3 2 1 2 4 1 2
18 3 1 6 1 1 2 2 2 4 1 2 1 9 2 2 6 2 1 1 2 1 1 1 3 1 2 1 1 1 7 2 3 2 1 2 4 2 1
18 3 1 6 1 1 3 1 2 4 1 2 1 9 2 2 6 2 1 2 1 1 1 1 3 1 2 1 1 1 7 2 3 2 1 2 5 1 1
18 3 1 6 1 2 1 2 1 4 1 4 1 2 1 5 3 1 2 1 3 1 2 1 1 1 6 1 3 1 2 1 1 1 3 3 1 2 1 1 1 1 2 1 1 1 2
18 3 1 7 1 2 1 1 1 2 1 4 1 2 1 7 3 2 6 1 1 1 2 1 3 1 3 1 2 1 1 1 5 3 2 1 1 2 1 1 1 1 2 1 1
18 3 1 7 2 2 2 3 1 4 1 10 2 1 1 1 5 2 3 1 8 1 4 1 4 3 1 1 1 4 3 2 2
18 3 1 8 1 1 1 1 2 4 1 2 1 9 2 2 7 1 2 1 1 1 1 1 3 1 2 1 1 1 7 2 3 2 1 3 2 1 1 1 1
18 3 1 8 1 1 4 4 1 2 1 9 2 2 7 1 2 3 1 1 3 1 2 1 1 1 7 2 3 2 1 3 2 1 3
18 3 1 8 1 2 3 4 1 2 1 9 2 2 7 1 3 2 1 1 3 1 2 1 1 1 7 2 3 2 1 3 2 2 2
18 3 1 8 1 3 2 4 1 2 1 9 2 2 7 1 4 1 1 1 3 1 2 1 1 1 7 2 3 2 1 3 2 3 1
18 3 1 8 2 1 3 4 1 2 1 9 2 2 7 1 1 1 1 2 1 1 3 1 2 1 1 1 7 2 3 2 1 3 3 1 2
18 3 1 8 2 2 2 4 1 2 1 9 2 2 7 1 1 1 2 1 1 1 3 1 2 1 1 1 7 2 3 2 1 3 3 2 1
18 3 1 8 3 1 2 4 1 2 1 9 2 2 7 1 1 2 1 1 1 1 3 1 2 1 1 1 7 2 3 2 1 3 4 1 1
18 3 1 9 1 2 1 4 1 4 1 2 1 5 3 1 2 1 6 1 1 1 6 1 3 1 2 1 1 1 3 3 1 2 1 1 1 2 1 1 1 1 2
18 3 1 9 2 1 1 4 1 1 1 2 1 3 1 4 1 1 1 1 2 1 2 1 3 2 1 1 6 1 2 1 4 1 3 2 2 2 1 2 1 1 1 1 2 1 1
18 3 2 1 1 2 1 1 1 1 1 1 2 3 1 4 1 10 2 4 2 1 1 1 1 1 2 1 8 1 4 1 4 3 4 2 3 1 1 1 2
18 3 2 1 1 2 1 1 1 1 2 1 1 3 1 1 1 2 1 3 1 6 2 4 1 2 1 1 1 2 1 1 5 1 2 1 4 1 4 1 1 1 4 1 4 1 2 1 1
18 3 2 1 1 2 1 1 2 2 2 3 1 4 1 2 1 6 3 4 2 1 1 2 1 1 1 1 4 1 3 1 2 1 1 1 4 3 5 1 4 1 3
18 3 2 1 1 2 1 2 1 2 2 3 1 4 1 2 1 6 3 4 2 1 2 1 1 1 1 1 4 1 3 1 2 1 1 1 4 3 5 1 2 1 1 1 3
18 3 2 1 1 2 1 3 1 1 2 3 1 4 1 10 2 4 2 1 3 1 2 1 8 1 4 1 4 3 4 2 2 2 1 1 2
18 3 2 1 1 4 1 1 2 1 1 3 1 1 1 2 1 3 1 6 2 4 1 1 2 1 1 2 1 1 5 1 2 1 4 1 4 1 1 1 4 1 1 1 2 1 2 1 1
18 3 2 1 1 4 2 2 2 3 1 4 1 2 1 6 3 4 4 2 1 1 1 1 4 1 3 1 2 1 1 1 4 3 5 2 3 1 3
18 3 2 1 1 5 1 2 2 3 1 4 1 2 1 6 3 4 5 1 1 1 1 1 4 1 3 1 2 1 1 1 4 3 5 2 1 1 1 1 3
18 3 2 1 2 1 1 1 1 1 2 1 1 3 1 1 1 2 1 3 1 6 2 7 1 1 1 2 1 1 5 1 2 1 4 1 4 1 1 1 9 1 2 1 1
18 3 2 1 2 1 1 2 1 1 1 1 1 3 1 1 1 2 1 3 1 6 2 7 2 1 1 1 1 1 5 1 2 1 4 1 4 1 1 1 8 1 1 1 1 1 1
18 3 2 1 2 1 1 2 1 1 3 3 1 1 1 2 1 3 1 6 2 7 2 1 1 3 5 1 2 1 4 1 4 1 1 1 8 1 1 1 3
18 3 2 1 2 3 1 1 2 1 1 3 1 1 1 2 1 3 1 6 2 6 2 1 1 2 1 1 5 1 2 1 4 1 4 1 1 1 6 1 2 1 2 1 1
18 3 2 1 2 4 1 1 1 1 1 3 1 1 1 2 1 3 1 6 2 6 3 1 1 1 1 1 5 1 2 1 4 1 4 1 1 1 6 1 1 1 1 1 1 1 1
18 3 2 1 2 4 1 1 3 3 1 1 1 2 1 3 1 6 2 6 3 1 1 3 5 1 2 1 4 1 4 1 1 1 6 1 1 1 1 1 3
18 3 2 11 1 4 1 4 1 2 1 5 3 2 1 1 8 1 6 1 3 1 2 1 1 1 3 3 2 1 1 1 1 2 1 3 2
18 3 2 2 1 1 1 1 1 1 2 1 1 3 1 1 1 2 1 3 1 6 2 3 1 3 1 1 1 2 1 1 5 1 2 1 4 1 4 1 1 1 3 1 5 1 2 1 1
18 3 2 2 1 1 1 2 1 1 1 1 1 3 1 1 1 2 1 3 1 6 2 3 1 3 2 1 1 1 1 1 5 1 2 1 4 1 4 1 1 1 3 1 4 1 1 1 1 1 1
18 3 2 2 1 1 1 2 1 1 3 3 1 1 1 2 1 3 1 6 2 3 1 3 2 1 1 3 5 1 2 1 4 1 4 1 1 1 3 1 4 1 1 1 3
18 3 2 2 1 1 1 2 1 3 1 4 1 4 1 2 1 5 3 2 1 2 1 1 2 1 2 1 6 1 3 1 2 1 1 1 3 3 2 1 4 1 2 2 2
18 3 2 2 1 1 1 6 1 4 1 4 1 2 1 5 3 2 1 2 1 1 5 1 6 1 3 1 2 1 1 1 3 3 2 1 4 1 1 3 2
18 3 2 2 1 1 2 1 1 3 1 4 1 4 1 2 1 5 3 2 1 2 1 2 1 1 2 1 6 1 3 1 2 1 1 1 3 3 2 1 7 2 2
18 3 2 2 1 2 1 1 1 3 1 4 1 4 1 2 1 5 3 2 1 2 2 1 1 1 2 1 6 1 3 1 2 1 1 1 3 3 2 1 3 1 3 2 2
18 3 2 2 1 2 1 5 1 4 1 4 1 2 1 5 3 2 1 2 2 1 4 1 6 1 3 1 2 1 1 1 3 3 2 1 3 1 2 3 2
18 3 2 2 1 3 1 1 2 1 1 3 1 1 1 2 1 3 1 6 2 3 1 2 2 1 1 2 1 1 5 1 2 1 4 1 4 1 1 1 3 1 2 1 2 1 2 1 1
18 3 2 2 1 3 1 2 1 1 1 3 1 1 1 2 1 3 1 6 2 3 1 2 2 1 2 1 1 1 5 1 2 1 4 1 4 1 1 1 3 1 2 1 2 2 1 1 1
18 3 2 2 1 3 1 2 3 3 1 1 1 2 1 3 1 6 2 3 1 2 2 1 2 3 5 1 2 1 4 1 4 1 1 1 3 1 2 1 2 2 3
18 3 2 2 1 3 2 1 1 1 1 3 1 1 1 2 1 3 1 6 2 3 1 2 2 2 1 1 1 1 5 1 2 1 4 1 4 1 1 1 3 1 2 1 3 1 1 1 1
18 3 2 2 1 3 2 1 3 3 1 1 1 2 1 3 1 6 2 3 1 2 2 2 1 3 5 1 2 1 4 1 4 1 1 1 3 1 2 1 3 1 3
18 3 2 2 1 4 1 1 1 1 1 3 1 1 1 2 1 3 1 6 2 3 1 2 3 1 1 1 1 1 5 1 2 1 4 1 4 1 1 1 3 1 2 1 1 1 1 1 1 1 1
18 3 2 2 1 4 1 1 3 3 1 1 1 2 1 3 1 6 2 3 1 2 3 1 1 3 5 1 2 1 4 1 4 1 1 1 3 1 2 1 1 1 1 1 3
18 3 2 2 1 4 1 3 1 4 1 4 1 2 1 5 3 2 1 2 4 1 2 1 6 1 3 1 2 1 1 1 3 3 2 1 3 2 2 2 2
18 3 2 2 1 5 2 1 1 4 1 4 1 8 1 1 1 2 1 2 5 2 11 1 4 1 3 3 2 1 2 3 1 1 2 1 1
18 3 2 2 1 6 1 1 1 3 1 1 1 2 1 3 1 6 2 3 1 2 5 1 1 1 5 1 2 1 4 1 4 1 1 1 3 1 2 1 1 3 1 1 1
18 3 2 2 1 8 1 4 1 4 1 2 1 5 3 2 1 2 7 1 6 1 3 1 2 1 1 1 3 3 2 1 3 2 1 3 2
18 3 2 2 2 3 1 1 1 1 1 4 1 4 1 8 1 1 1 2 1 3 3 1 1 1 11 1 4 1 3 3 2 1 3 2 2 1 1 1 1
18 3 2 2 2 3 1 1 3 4 1 4 1 8 1 1 1 2 1 3 3 1 1 2 10 1 4 1 3 3 2 1 3 2 2 1 3
18 3 2 2 3 2 1 1 1 1 1 4 1 4 1 8 1 1 1 2 1 4 2 1 1 1 11 1 4 1 3 3 2 1 4 1 2 1 1 1 1
18 3 2 2 3 2 1 1 3 4 1 4 1 8 1 1 1 2 1 4 2 1 1 2 10 1 4 1 3 3 2 1 4 1 2 1 3
18 3 2 2 4 1 1 1 1 1 1 4 1 4 1 8 1 1 1 2 1 5 1 1 1 1 11 1 4 1 3 3 2 1 7 1 1 1 1
18 3 2 2 4 1 1 1 3 4 1 4 1 8 1 1 1 2 1 5 1 1 1 2 10 1 4 1 3 3 2 1 7 1 3
18 3 2 3 1 1 1 1 1 1 1 1 1 4 1 4 1 8 1 1 1 2 1 1 1 1 1 1 1 1 1 1 11 1 4 1 3 3 2 1 1 1 1 1 3 1 1 1 1
18 3 2 3 1 1 1 1 1 1 3 4 1 4 1 8 1 1 1 2 1 1 1 1 1 1 1 1 1 2 10 1 4 1 3 3 2 1 1 1 1 1 3 1 3
18 3 2 3 1 1 1 2 2 1 1 4 1 4 1 8 1 1 1 2 1 1 1 1 1 1 2 2 11 1 4 1 3 3 2 1 1 1 1 1 2 1 2 1 1
18 3 2 3 1 1 1 3 1 1 1 4 1 4 1 8 1 1 1 2 1 1 1 1 1 1 3 1 11 1 4 1 3 3 2 1 1 1 1 1 2 2 1 1 1
18 3 2 3 1 1 1 3 3 4 1 4 1 8 1 1 1 2 1 1 1 1 1 1 3 2 10 1 4 1 3 3 2 1 1 1 1 1 2 2 3
18 3 2 3 1 3 1 1 1 1 1 4 1 1 1 2 1 3 1 4 1 1 1 2 1 1 1 2 2 1 1 1 1 1 6 1 2 1 4 1 3 2 3 1 1 1 2 1 2 1 1 1 1
18 3 2 3 1 3 1 1 1 1 1 4 1 4 1 8 1 1 1 2 1 1 1 1 3 1 1 1 11 1 4 1 3 3 2 1 1 1 1 2 2 1 1 1 1
18 3 2 3 1 3 1 1 3 4 1 1 1 2 1 3 1 4 1 1 1 2 1 1 1 2 2 1 1 3 6 1 2 1 4 1 3 2 3 1 1 1 2 1 2 1 3
18 3 2 3 1 3 1 1 3 4 1 4 1 8 1 1 1 2 1 1 1 1 3 1 1 2 10 1 4 1 3 3 2 1 1 1 1 2 2 1 3
18 3 2 3 1 4 2 1 1 4 1 4 1 8 1 1 1 2 1 1 1 1 4 2 11 1 4 1 3 3 2 1 1 1 1 2 1 1 2 1 1
18 3 2 3 2 2 1 1 1 1 1 4 1 4 1 8 1 1 1 2 1 1 1 2 2 1 1 1 11 1 4 1 3 3 2 1 1 1 2 1 2 1 1 1 1
18 3 2 3 2 2 1 1 3 4 1 4 1 8 1 1 1 2 1 1 1 2 2 1 1 2 10 1 4 1 3 3 2 1 1 1 2 1 2 1 3
18 3 2 3 2 3 2 1 1 4 1 4 1 8 1 1 1 2 1 1 1 2 3 2 11 1 4 1 3 3 2 1 1 1 2 1 1 1 2 1 1
18 3 2 3 3 1 1 1 1 1 1 4 1 4 1 8 1 1 1 2 1 1 1 3 1 1 1 1 11 1 4 1 3 3 2 1 1 1 5 1 1 1 1
18 3 2 3 3 1 1 1 3 4 1 4 1 8 1 1 1 2 1 1 1 3 1 1 1 2 10 1 4 1 3 3 2 1 1 1 5 1 3
18 3 2 3 3 2 2 1 1 4 1 4 1 8 1 1 1 2 1 1 1 3 2 2 11 1 4 1 3 3 2 1 1 1 4 1 2 1 1
18 3 2 3 3 3 1 1 1 4 1 4 1 8 1 1 1 2 1 1 1 3 3 1 11 1 4 1 3 3 2 1 1 1 4 2 1 1 1
18 3 2 4 1 1 1 1 2 1 1 3 1 1 1 2 1 3 1 6 2 3 2 2 1 1 1 2 1 1 5 1 2 1 4 1 4 1 1 1 3 2 4 1 2 1 1
18 3 2 4 1 1 1 2 3 3 1 4 1 10 2 3 3 1 1 1 2 1 1 1 8 1 4 1 4 3 3 3 3 2 3
18 3 2 4 1 1 1 3 2 3 1 4 1 10 2 3 3 1 1 1 4 1 8 1 4 1 4 3 3 3 3 3 2
18 3 2 4 1 1 2 2 2 3 1 4 1 2 1 6 3 3 3 1 1 2 1 1 1 1 4 1 3 1 2 1 1 1 4 3 3 1 1 1 4 1 3
18 3 2 4 1 2 1 1 1 1 1 4 1 4 1 8 1 1 1 2 1 1 2 1 2 1 1 1 11 1 4 1 3 3 2 1 1 2 1 1 2 1 1 1 1
18 3 2 4 1 2 1 1 3 4 1 4 1 8 1 1 1 2 1 1 2 1 2 1 1 2 10 1 4 1 3 3 2 1 1 2 1 1 2 1 3
18 3 2 4 1 2 1 2 2 3 1 4 1 2 1 6 3 3 3 1 2 1 1 1 1 1 4 1 3 1 2 1 1 1 4 3 3 1 1 1 2 1 1 1 3
18 3 2 4 1 2 1 3 1 4 1 4 1 2 1 5 3 2 1 1 2 1 2 1 2 1 6 1 3 1 2 1 1 1 3 3 2 1 1 1 2 1 2 2 2
18 3 2 4 1 5 2 3 1 4 1 10 2 3 3 1 6 1 8 1 4 1 4 3 3 3 2 4 2
18 3 2 4 2 1 1 1 1 1 1 4 1 4 1 8 1 1 1 2 1 1 2 2 1 1 1 1 11 1 4 1 3 3 2 1 1 2 4 1 1 1 1
18 3 2 4 2 1 1 1 3 4 1 4 1 8 1 1 1 2 1 1 2 2 1 1 1 2 10 1 4 1 3 3 2 1 1 2 4 1 3
18 3 2 4 2 1 1 3 1 4 1 4 1 2 1 5 3 2 1 1 2 2 1 1 2 1 6 1 3 1 2 1 1 1 3 3 2 1 1 1 5 2 2
18 3 2 4 2 2 2 1 1 4 1 4 1 8 1 1 1 2 1 1 2 2 2 2 11 1 4 1 3 3 2 1 1 2 3 1 2 1 1
18 3 2 5 1 1 1 1 1 1 1 4 1 4 1 8 1 1 1 2 1 1 3 1 1 1 1 1 11 1 4 1 3 3 2 1 1 3 3 1 1 1 1
18 3 2 5 1 1 1 1 3 4 1 4 1 8 1 1 1 2 1 1 3 1 1 1 1 2 10 1 4 1 3 3 2 1 1 3 3 1 3
18 3 2 5 1 1 1 3 1 4 1 4 1 2 1 5 3 2 1 1 3 1 1 1 2 1 6 1 3 1 2 1 1 1 3 3 2 1 1 1 1 1 3 2 2
18 3 2 5 1 2 2 1 1 4 1 4 1 8 1 1 1 2 1 1 3 1 2 2 11 1 4 1 3 3 2 1 1 3 2 1 2 1 1
18 3 2 5 1 5 1 4 1 4 1 2 1 5 3 2 1 1 3 1 4 1 6 1 3 1 2 1 1 1 3 3 2 1 1 1 1 1 2 3 2
18 3 2 6 1 1 2 1 1 3 1 1 1 2 1 3 1 6 2 3 2 1 2 1 1 2 1 1 5 1 2 1 4 1 4 1 1 1 3 2 1 1 2 1 2 1 1
18 3 2 7 1 1 1 1 1 4 1 4 1 8 1 1 1 2 1 1 5 1 1 1 11 1 4 1 3 3 2 1 1 4 2 1 1 1 1
18 3 2 7 1 1 3 4 1 4 1 8 1 1 1 2 1 1 5 1 1 2 10 1 4 1 3 3 2 1 1 4 2 1 3
18 3 2 7 1 2 2 3 1 4 1 2 1 6 3 3 6 1 1 1 1 1 4 1 3 1 2 1 1 1 4 3 3 1 1 2 1 1 1 1 3
18 3 2 7 1 3 1 4 1 4 1 2 1 5 3 2 1 1 5 1 2 1 6 1 3 1 2 1 1 1 3 3 2 1 1 1 1 2 2 2 2
18 3 2 8 2 1 1 4 1 4 1 8 1 1 1 2 1 1 6 2 11 1 4 1 3 3 2 1 1 4 1 1 2 1 1
18 3 3 1 1 2 1 3 1 1 1 4 1 4 1 2 1 5 3 5 2 1 3 2 6 1 3 1 2 1 1 1 3 3 6 1 2 2 3
18 3 3 1 1 2 1 5 1 4 1 4 1 2 1 5 3 5 2 1 4 1 6 1 3 1 2 1 1 1 3 3 6 1 2 3 2
18 3 3 10 1 4 1 4 1 2 1 5 3 4 8 1 6 1 3 1 2 1 1 1 3 3 4 1 1 2 1 3 2
18 3 3 2 1 1 1 1 1 1 1 1 1 4 1 4 1 8 1 1 1 4 1 1 1 1 1 1 1 1 11 1 4 1 3 3 4 1 1 1 3 1 1 1 1
18 3 3 2 1 1 1 1 1 1 3 4 1 4 1 8 1 1 1 4 1 1 1 1 1 1 1 2 10 1 4 1 3 3 4 1 1 1 3 1 3
18 3 3 2 1 1 1 2 2 1 1 4 1 4 1 8 1 1 1 4 1 1 1 1 2 2 11 1 4 1 3 3 4 1 1 1 2 1 2 1 1
18 3 3 2 1 1 1 3 1 1 1 4 1 4 1 8 1 1 1 4 1 1 1 1 3 1 11 1 4 1 3 3 4 1 1 1 2 2 1 1 1
18 3 3 2 1 1 1 3 3 4 1 4 1 8 1 1 1 4 1 1 1 1 3 2 10 1 4 1 3 3 4 1 1 1 2 2 3
18 3 3 2 1 3 1 1 1 1 1 4 1 4 1 8 1 1 1 4 1 1 3 1 1 1 11 1 4 1 3 3 4 1 1 2 2 1 1 1 1
18 3 3 2 1 3 1 1 3 4 1 4 1 8 1 1 1 4 1 1 3 1 1 2 10 1 4 1 3 3 4 1 1 2 2 1 3
18 3 3 2 1 4 2 1 1 4 1 4 1 8 1 1 1 4 1 1 4 2 11 1 4 1 3 3 4 1 1 2 1 1 2 1 1
18 3 3 2 2 2 1 1 1 1 1 4 1 4 1 8 1 1 1 4 1 2 2 1 1 1 11 1 4 1 3 3 4 1 2 1 2 1 1 1 1
18 3 3 2 2 2 1 1 3 4 1 4 1 8 1 1 1 4 1 2 2 1 1 2 10 1 4 1 3 3 4 1 2 1 2 1 3
18 3 3 2 3 1 1 1 1 1 1 4 1 4 1 8 1 1 1 4 1 3 1 1 1 1 11 1 4 1 3 3 4 1 5 1 1 1 1
18 3 3 2 3 1 1 1 3 4 1 4 1 8 1 1 1 4 1 3 1 1 1 2 10 1 4 1 3 3 4 1 5 1 3
18 3 3 2 3 2 2 1 1 4 1 4 1 8 1 1 1 4 1 3 2 2 11 1 4 1 3 3 4 1 4 1 2 1 1
18 3 3 2 3 3 1 1 1 4 1 4 1 8 1 1 1 4 1 3 3 1 11 1 4 1 3 3 4 1 4 2 1 1 1
18 3 3 2 3 3 3 4 1 4 1 8 1 1 1 4 1 3 3 2 10 1 4 1 3 3 4 1 4 2 3
18 3 3 3 2 1 1 1 1 1 1 4 1 4 1 8 1 1 1 4 2 2 1 1 1 1 11 1 4 1 3 3 4 2 4 1 1 1 1
18 3 3 3 2 1 1 1 3 4 1 4 1 8 1 1 1 4 2 2 1 1 1 2 10 1 4 1 3 3 4 2 4 1 3
18 3 3 3 2 2 2 1 1 4 1 4 1 8 1 1 1 4 2 2 2 2 11 1 4 1 3 3 4 2 3 1 2 1 1
18 3 3 4 1 1 1 1 1 1 1 4 1 4 1 8 1 1 1 4 3 1 1 1 1 1 11 1 4 1 3 3 4 3 3 1 1 1 1
18 3 3 4 1 1 1 1 3 4 1 4 1 8 1 1 1 4 3 1 1 1 1 2 10 1 4 1 3 3 4 3 3 1 3
18 3 3 4 1 2 2 1 1 4 1 4 1 8 1 1 1 4 3 1 2 2 11 1 4 1 3 3 4 3 2 1 2 1 1
18 3 3 4 1 5 1 4 1 4 1 2 1 5 3 4 3 1 4 1 6 1 3 1 2 1 1 1 3 3 4 1 1 1 2 3 2
18 3 3 6 1 1 1 1 1 4 1 4 1 8 1 1 1 4 5 1 1 1 11 1 4 1 3 3 4 4 2 1 1 1 1
18 3 3 6 1 1 3 4 1 4 1 8 1 1 1 4 5 1 1 2 10 1 4 1 3 3 4 4 2 1 3
18 3 3 7 1 2 1 4 1 4 1 2 1 5 3 4 6 1 1 1 6 1 3 1 2 1 1 1 3 3 4 1 1 2 1 1 1 1 2
18 3 3 7 2 1 1 4 1 4 1 8 1 1 1 4 6 2 11 1 4 1 3 3 4 4 1 1 2 1 1
18 4 1 1 1 1 1 2 1 1 1 1 2 5 1 1 1 2 1 3 1 3 2 1 1 1 1 3 1 2 1 1 1 2 7 1 2 1 4 1 2 3 2 1 3 1 4 1 2
18 4 1 1 1 1 1 2 1 3 2 5 1 1 1 2 1 3 1 3 2 1 1 1 1 3 1 2 3 2 7 1 2 1 4 1 2 3 2 1 3 1 3 2 2
18 4 1 1 1 1 1 6 2 5 1 1 1 2 1 3 1 3 2 1 1 1 1 3 1 1 4 2 7 1 2 1 4 1 2 3 2 1 3 1 1 1 1 2 2
18 4 1 1 1 1 2 1 1 1 1 1 2 5 1 1 1 2 1 3 1 3 2 1 1 1 1 6 1 1 1 2 7 1 2 1 4 1 2 3 2 1 8 1 2
18 4 1 1 1 1 2 1 1 2 3 5 1 1 1 2 1 3 1 3 2 1 1 1 1 6 2 3 7 1 2 1 4 1 2 3 2 1 7 1 3
18 4 1 1 1 1 2 1 1 3 2 5 1 1 1 2 1 3 1 3 2 1 1 1 1 6 3 2 7 1 2 1 4 1 2 3 2 1 7 2 2
18 4 1 1 1 1 2 1 2 2 2 3 1 4 1 2 1 6 4 3 1 2 1 2 1 1 1 1 4 1 3 1 2 1 1 1 4 4 9 1 3
18 4 1 1 1 1 2 2 1 2 2 3 1 4 1 2 1 6 4 3 1 2 2 1 1 1 1 1 4 1 3 1 2 1 1 1 4 4 7 1 1 1 3
18 4 1 1 1 1 2 5 2 5 1 1 1 2 1 3 1 3 2 1 1 1 1 5 4 2 7 1 2 1 4 1 2 3 2 1 5 1 1 2 2
18 4 1 1 1 2 1 1 1 1 1 1 2 5 1 1 1 2 1 3 1 3 2 1 1 1 1 2 1 3 1 1 1 2 7 1 2 1 4 1 2 3 2 1 2 1 5 1 2
18 4 1 1 1 2 1 1 1 2 3 3 1 4 1 10 3 3 2 1 1 1 2 1 1 1 8 1 4 1 4 4 3 2 3 2 3
18 4 1 1 1 2 1 1 1 2 3 5 1 1 1 2 1 3 1 3 2 1 1 1 1 2 1 3 2 3 7 1 2 1 4 1 2 3 2 1 2 1 4 1 3
18 4 1 1 1 2 1 1 1 3 2 3 1 4 1 10 3 3 2 1 1 1 4 1 8 1 4 1 4 4 3 2 3 3 2
18 4 1 1 1 2 1 1 1 3 2 5 1 1 1 2 1 3 1 3 2 1 1 1 1 2 1 3 3 2 7 1 2 1 4 1 2 3 2 1 2 1 4 2 2
18 4 1 1 1 2 1 1 1 4 1 5 1 1 1 2 1 3 1 3 2 1 1 1 1 2 1 3 4 1 7 1 2 1 4 1 2 3 2 1 2 1 4 3 1
18 4 1 1 1 2 1 1 2 2 2 3 1 4 1 2 1 6 4 3 2 1 1 2 1 1 1 1 4 1 3 1 2 1 1 1 4 4 4 1 4 1 3
18 4 1 1 1 2 1 2 1 2 2 3 1 4 1 2 1 6 4 3 2 1 2 1 1 1 1 1 4 1 3 1 2 1 1 1 4 4 4 1 2 1 1 1 3
18 4 1 1 1 2 1 5 2 5 1 1 1 2 1 3 1 3 2 1 1 1 1 2 1 2 4 2 7 1 2 1 4 1 2 3 2 1 2 1 2 1 1 2 2
18 4 1 1 1 4 1 3 2 5 1 1 1 2 1 3 1 3 2 1 1 1 1 2 2 2 3 2 7 1 2 1 4 1 2 3 2 1 2 2 3 2 2
18 4 1 1 1 4 2 2 2 3 1 4 1 2 1 6 4 3 4 2 1 1 1 1 4 1 3 1 2 1 1 1 4 4 4 2 3 1 3
18 4 1 1 1 5 1 2 2 3 1 4 1 2 1 6 4 3 5 1 1 1 1 1 4 1 3 1 2 1 1 1 4 4 4 2 1 1 1 1 3
18 4 1 1 2 1 1 1 1 2 3 3 1 4 1 10 3 4 1 1 1 1 2 1 1 1 8 1 4 1 4 4 4 1 3 2 3
18 4 1 1 2 1 1 3 2 1 1 1 1 4 1 2 1 8 3 2 1 2 1 1 2 1 1 1 1 1 2 1 3 1 2 1 1 1 6 3 7 2 3 1 1
18 4 1 1 2 1 1 4 3 3 1 4 1 10 3 4 1 1 4 1 1 1 8 1 4 1 4 4 4 1 2 3 3
18 4 1 1 2 5 2 1 1 1 1 4 1 2 1 8 3 2 1 2 4 1 1 1 1 1 2 1 3 1 2 1 1 1 6 3 6 3 3 1 1
18 4 1 1 3 2 1 2 3 3 1 4 1 10 3 5 2 1 2 1 1 1 8 1 4 1 4 4 5 1 2 2 3
18 4 1 1 4 1 1 2 3 3 1 4 1 10 3 6 1 1 2 1 1 1 8 1 4 1 4 4 8 2 3
18 4 1 1 4 4 3 3 1 4 1 10 3 6 4 1 1 1 8 1 4 1 4 4 7 3 3
18 4 1 2 1 1 1 1 1 2 3 3 1 4 1 10 3 2 1 1 1 1 1 1 2 1 1 1 8 1 4 1 4 4 2 1 1 1 3 2 3
18 4 1 2 1 1 1 2 1 1 1 1 2 3 1 2 1 1 1 8 1 1 1 2 1 2 1 2 1 1 1 1 2 1 8 1 8 3 2 1 2 1 1 1 2 1 1 1 1
18 4 1 2 1 1 1 2 1 1 3 3 1 4 1 10 3 2 1 1 1 1 2 1 1 1 1 1 8 1 4 1 4 4 2 1 1 1 2 1 1 1 3
18 4 1 2 1 1 1 2 1 1 4 3 1 2 1 1 1 8 1 1 1 2 1 2 1 2 1 1 1 2 1 1 8 1 8 3 2 1 2 1 1 1 2 1 3
18 4 1 2 1 1 1 2 1 3 1 4 1 4 1 2 1 5 4 1 1 2 1 1 2 1 2 1 6 1 3 1 2 1 1 1 3 4 1 1 4 1 2 2 2
18 4 1 2 1 1 1 3 1 2 1 1 1 4 1 2 1 8 3 2 2 1 1 1 2 1 3 1 2 1 3 1 2 1 1 1 6 3 3 1 3 2 2 2 1
18 4 1 2 1 1 1 3 2 1 1 1 1 4 1 2 1 8 3 2 2 1 1 1 2 1 1 1 1 1 2 1 3 1 2 1 1 1 6 3 3 1 3 2 3 1 1
18 4 1 2 1 1 1 4 1 1 1 4 1 4 1 2 1 5 4 1 1 2 1 1 4 2 6 1 3 1 2 1 1 1 3 4 1 1 4 1 1 2 3
18 4 1 2 1 1 1 4 1 1 2 3 1 2 1 1 1 8 1 1 1 2 1 2 1 2 3 1 2 1 8 1 8 3 2 1 2 1 1 1 1 2 1 1 1
18 4 1 2 1 1 1 4 3 3 1 4 1 10 3 2 1 1 1 1 4 1 1 1 8 1 4 1 4 4 2 1 1 1 2 3 3
18 4 1 2 1 1 1 4 4 3 1 2 1 1 1 8 1 1 1 2 1 2 1 2 3 2 1 1 8 1 8 3 2 1 2 1 1 1 1 2 3
18 4 1 2 1 1 2 1 1 3 1 4 1 4 1 2 1 5 4 1 1 2 1 2 1 1 2 1 6 1 3 1 2 1 1 1 3 4 1 1 7 2 2
18 4 1 2 1 1 2 2 1 2 1 1 1 4 1 2 1 8 3 2 2 1 1 2 1 1 3 1 2 1 3 1 2 1 1 1 6 3 3 1 4 1 2 2 1
18 4 1 2 1 1 2 2 2 1 1 1 1 4 1 2 1 8 3 2 2 1 1 2 1 1 1 1 1 1 2 1 3 1 2 1 1 1 6 3 3 1 4 1 3 1 1
18 4 1 2 1 1 2 3 1 1 1 4 1 4 1 2 1 5 4 1 1 2 1 2 3 2 6 1 3 1 2 1 1 1 3 4 1 1 6 2 3
18 4 1 2 1 2 1 1 1 3 1 4 1 4 1 2 1 5 4 1 1 2 2 1 1 1 2 1 6 1 3 1 2 1 1 1 3 4 1 1 3 1 3 2 2
18 4 1 2 1 2 1 2 1 1 2 1 1 4 1 2 1 8 3 2 2 1 2 1 1 1 2 2 2 1 3 1 2 1 1 1 6 3 3 1 2 1 1 1 2 1 2
18 4 1 2 1 2 1 2 1 2 1 1 1 4 1 2 1 8 3 2 2 1 2 1 1 1 3 1 2 1 3 1 2 1 1 1 6 3 3 1 2 1 1 1 2 2 1
18 4 1 2 1 2 1 2 2 1 1 1 1 4 1 2 1 8 3 2 2 1 2 1 1 1 1 1 1 1 2 1 3 1 2 1 1 1 6 3 3 1 2 1 1 1 3 1 1
18 4 1 2 1 2 1 3 1 1 1 4 1 4 1 2 1 5 4 1 1 2 2 1 3 2 6 1 3 1 2 1 1 1 3 4 1 1 3 1 2 2 3
18 4 1 2 1 4 1 1 1 1 2 3 1 2 1 1 1 8 1 1 1 2 1 2 2 1 1 1 1 1 2 1 8 1 8 3 2 1 2 3 2 1 1 1 1
18 4 1 2 1 4 1 1 4 3 1 2 1 1 1 8 1 1 1 2 1 2 2 1 1 1 1 2 1 1 8 1 8 3 2 1 2 3 2 1 3
18 4 1 2 1 4 1 3 1 4 1 4 1 2 1 5 4 1 1 2 4 1 2 1 6 1 3 1 2 1 1 1 3 4 1 1 3 2 2 2 2
18 4 1 2 1 5 1 1 2 1 1 4 1 2 1 8 3 2 2 1 4 1 2 2 2 1 3 1 2 1 1 1 6 3 3 1 2 3 2 1 2
18 4 1 2 1 5 1 2 1 1 1 4 1 2 1 8 3 2 2 1 4 1 3 1 2 1 3 1 2 1 1 1 6 3 3 1 2 3 2 2 1
18 4 1 2 1 5 2 1 1 1 1 4 1 2 1 8 3 2 2 1 4 1 1 1 1 1 2 1 3 1 2 1 1 1 6 3 3 1 2 3 3 1 1
18 4 1 2 1 6 1 1 1 4 1 4 1 2 1 5 4 1 1 2 6 2 6 1 3 1 2 1 1 1 3 4 1 1 3 2 1 2 3
18 4 1 2 1 6 1 1 2 3 1 2 1 1 1 8 1 1 1 2 1 2 2 1 3 1 2 1 8 1 8 3 2 1 2 3 1 2 1 1 1
18 4 1 2 1 6 4 3 1 2 1 1 1 8 1 1 1 2 1 2 2 1 3 2 1 1 8 1 8 3 2 1 2 3 1 2 3
18 4 1 2 3 1 1 2 3 3 1 4 1 10 3 2 1 3 1 1 2 1 1 1 8 1 4 1 4 4 2 1 5 2 3
18 4 1 2 3 2 1 1 1 1 1 4 1 4 1 8 1 1 2 1 1 4 2 1 1 1 11 1 4 1 3 4 1 1 4 1 2 1 1 1 1
18 4 1 2 3 2 1 1 3 4 1 4 1 8 1 1 2 1 1 4 2 1 1 2 10 1 4 1 3 4 1 1 4 1 2 1 3
18 4 1 2 3 4 3 3 1 4 1 10 3 2 1 3 4 1 1 1 8 1 4 1 4 4 2 1 4 3 3
18 4 1 3 1 2 1 3 2 5 1 1 1 2 1 3 1 3 2 1 1 1 2 2 1 2 3 2 7 1 2 1 4 1 2 3 2 2 2 1 3 2 2
18 4 1 3 1 3 1 1 1 1 1 4 1 4 1 8 1 1 2 1 1 1 1 1 3 1 1 1 11 1 4 1 3 4 1 1 1 1 1 2 2 1 1 1 1
18 4 1 3 1 3 1 1 3 4 1 4 1 8 1 1 2 1 1 1 1 1 3 1 1 2 10 1 4 1 3 4 1 1 1 1 1 2 2 1 3
18 4 1 3 1 4 2 1 1 4 1 4 1 8 1 1 2 1 1 1 1 1 4 2 11 1 4 1 3 4 1 1 1 1 1 2 1 1 2 1 1
18 4 1 3 1 4 4 4 1 4 1 8 1 1 2 1 1 1 1 1 4 3 10 1 4 1 3 4 1 1 1 1 1 2 1 1 4
18 4 1 3 1 5 1 1 1 4 1 4 1 8 1 1 2 1 1 1 1 1 5 1 11 1 4 1 3 4 1 1 1 1 1 2 1 2 1 1 1
18 4 1 3 1 5 3 4 1 4 1 8 1 1 2 1 1 1 1 1 5 2 10 1 4 1 3 4 1 1 1 1 1 2 1 2 3
18 4 1 3 2 1 1 2 3 3 1 4 1 10 3 2 2 2 1 1 2 1 1 1 8 1 4 1 4 4 2 2 4 2 3
18 4 1 3 2 1 1 3 2 5 1 1 1 2 1 3 1 3 2 1 1 1 2 5 3 2 7 1 2 1 4 1 2 3 2 2 6 2 2
18 4 1 3 2 2 1 1 1 1 1 4 1 4 1 8 1 1 2 1 1 1 1 2 2 1 1 1 11 1 4 1 3 4 1 1 1 1 2 1 2 1 1 1 1
18 4 1 3 2 2 1 1 3 4 1 4 1 8 1 1 2 1 1 1 1 2 2 1 1 2 10 1 4 1 3 4 1 1 1 1 2 1 2 1 3
18 4 1 3 2 3 2 1 1 4 1 4 1 8 1 1 2 1 1 1 1 2 3 2 11 1 4 1 3 4 1 1 1 1 2 1 1 1 2 1 1
18 4 1 3 2 3 4 4 1 4 1 8 1 1 2 1 1 1 1 2 3 3 10 1 4 1 3 4 1 1 1 1 2 1 1 1 4
18 4 1 3 2 4 1 1 1 4 1 4 1 8 1 1 2 1 1 1 1 2 4 1 11 1 4 1 3 4 1 1 1 1 2 1 1 2 1 1 1
18 4 1 3 2 4 3 3 1 4 1 10 3 2 2 2 4 1 1 1 8 1 4 1 4 4 2 2 3 3 3
18 4 1 3 2 4 3 4 1 4 1 8 1 1 2 1 1 1 1 2 4 2 10 1 4 1 3 4 1 1 1 1 2 1 1 2 3
18 4 1 3 3 1 1 1 1 1 1 4 1 4 1 8 1 1 2 1 1 1 1 3 1 1 1 1 11 1 4 1 3 4 1 1 1 1 5 1 1 1 1
18 4 1 3 3 1 1 1 3 4 1 4 1 8 1 1 2 1 1 1 1 3 1 1 1 2 10 1 4 1 3 4 1 1 1 1 5 1 3
18 4 1 4 1 1 1 2 3 3 1 4 1 10 3 2 3 1 1 1 2 1 1 1 8 1 4 1 4 4 2 3 3 2 3
18 4 1 4 1 1 1 3 2 5 1 1 1 2 1 3 1 3 2 1 1 1 2 1 1 3 3 2 7 1 2 1 4 1 2 3 2 2 1 1 4 2 2
18 4 1 4 1 2 1 1 1 1 1 4 1 4 1 8 1 1 2 1 1 1 2 1 2 1 1 1 11 1 4 1 3 4 1 1 1 2 1 1 2 1 1 1 1
18 4 1 4 1 2 1 1 1 1 2 3 1 2 1 1 1 8 1 1 1 2 1 1 2 2 1 1 1 1 2 1 8 1 8 3 2 1 1 2 1 1 2 1 1 1 1
18 4 1 4 1 2 1 1 3 3 1 4 1 10 3 2 3 1 2 1 1 1 1 1 8 1 4 1 4 4 2 3 2 1 1 1 3
18 4 1 4 1 2 1 1 3 4 1 4 1 8 1 1 2 1 1 1 2 1 2 1 1 2 10 1 4 1 3 4 1 1 1 2 1 1 2 1 3
18 4 1 4 1 2 1 1 4 3 1 2 1 1 1 8 1 1 1 2 1 1 2 2 1 1 1 2 1 1 8 1 8 3 2 1 1 2 1 1 2 1 3
18 4 1 4 1 2 1 2 2 3 1 4 1 2 1 6 4 2 3 1 2 1 1 1 1 1 4 1 3 1 2 1 1 1 4 4 2 1 1 1 2 1 1 1 3
18 4 1 4 1 3 1 2 1 1 1 4 1 2 1 8 3 2 4 1 2 1 3 1 2 1 3 1 2 1 1 1 6 3 3 2 2 2 2 2 1
18 4 1 4 1 3 1 2 1 5 1 1 1 2 1 3 1 3 2 1 1 1 2 1 1 2 2 1 2 1 7 1 2 1 4 1 2 3 2 2 1 1 2 1 2 2 1
18 4 1 4 1 3 2 1 1 4 1 4 1 8 1 1 2 1 1 1 2 1 3 2 11 1 4 1 3 4 1 1 1 2 1 1 1 1 2 1 1
18 4 1 4 1 3 4 4 1 4 1 8 1 1 2 1 1 1 2 1 3 3 10 1 4 1 3 4 1 1 1 2 1 1 1 1 4
18 4 1 4 1 4 1 1 1 4 1 4 1 2 1 5 4 1 1 1 2 1 4 2 6 1 3 1 2 1 1 1 3 4 1 1 1 1 2 1 1 2 3
18 4 1 4 1 4 3 3 1 4 1 10 3 2 3 1 4 1 1 1 8 1 4 1 4 4 2 3 2 3 3
18 4 1 4 2 1 1 3 1 4 1 4 1 2 1 5 4 1 1 1 2 2 1 1 2 1 6 1 3 1 2 1 1 1 3 4 1 1 1 1 5 2 2
18 4 1 4 2 3 1 1 1 4 1 4 1 2 1 5 4 1 1 1 2 2 3 2 6 1 3 1 2 1 1 1 3 4 1 1 1 1 4 2 3
18 4 1 5 1 2 1 1 2 1 1 4 1 2 1 8 3 2 5 1 1 1 2 2 2 1 3 1 2 1 1 1 6 3 3 2 1 1 1 1 2 1 2
18 4 1 5 1 2 1 2 1 1 1 4 1 2 1 8 3 2 5 1 1 1 3 1 2 1 3 1 2 1 1 1 6 3 3 2 1 1 1 1 2 2 1
18 4 1 5 1 2 2 1 1 1 1 4 1 2 1 8 3 2 5 1 1 1 1 1 1 1 2 1 3 1 2 1 1 1 6 3 3 2 1 1 1 1 3 1 1
18 4 1 5 1 3 1 1 1 4 1 4 1 2 1 5 4 1 1 1 3 1 3 2 6 1 3 1 2 1 1 1 3 4 1 1 1 1 1 1 2 2 3
18 4 1 7 1 1 1 1 1 4 1 4 1 8 1 1 2 1 1 1 5 1 1 1 11 1 4 1 3 4 1 1 1 4 2 1 1 1 1
18 4 1 7 1 1 1 1 2 3 1 2 1 1 1 8 1 1 1 2 1 1 3 1 1 1 1 1 2 1 8 1 8 3 2 1 1 4 2 1 1 1 1
18 4 1 7 1 1 3 4 1 4 1 8 1 1 2 1 1 1 5 1 1 2 10 1 4 1 3 4 1 1 1 4 2 1 3
18 4 1 7 1 1 4 3 1 2 1 1 1 8 1 1 1 2 1 1 3 1 1 1 1 2 1 1 8 1 8 3 2 1 1 4 2 1 3
18 4 1 8 1 1 2 1 1 4 1 2 1 8 3 2 7 1 2 2 2 1 3 1 2 1 1 1 6 3 3 2 1 3 2 1 2
18 4 1 8 1 2 1 1 1 4 1 2 1 8 3 2 7 1 3 1 2 1 3 1 2 1 1 1 6 3 3 2 1 3 2 2 1
18 4 1 8 2 1 1 1 1 4 1 2 1 8 3 2 7 1 1 1 1 1 2 1 3 1 2 1 1 1 6 3 3 2 1 3 3 1 1
18 4 1 8 2 1 1 4 1 4 1 8 1 1 2 1 1 1 6 2 11 1 4 1 3 4 1 1 1 4 1 1 2 1 1
18 4 1 8 4 4 1 4 1 8 1 1 2 1 1 1 6 3 10 1 4 1 3 4 1 1 1 4 1 1 4
18 4 1 9 1 1 1 4 1 4 1 2 1 5 4 1 1 1 7 2 6 1 3 1 2 1 1 1 3 4 1 1 1 1 1 2 1 2 3
18 4 2 2 1 3 1 1 1 1 1 4 1 4 1 8 1 1 2 3 1 1 3 1 1 1 11 1 4 1 3 4 3 1 1 2 2 1 1 1 1
18 4 2 2 1 3 1 1 3 4 1 4 1 8 1 1 2 3 1 1 3 1 1 2 10 1 4 1 3 4 3 1 1 2 2 1 3
18 4 2 2 1 4 2 1 1 4 1 4 1 8 1 1 2 3 1 1 4 2 11 1 4 1 3 4 3 1 1 2 1 1 2 1 1
18 4 2 2 1 4 4 4 1 4 1 8 1 1 2 3 1 1 4 3 10 1 4 1 3 4 3 1 1 2 1 1 4
18 4 2 2 1 5 1 1 1 4 1 4 1 8 1 1 2 3 1 1 5 1 11 1 4 1 3 4 3 1 1 2 1 2 1 1 1
18 4 2 2 1 5 3 4 1 4 1 8 1 1 2 3 1 1 5 2 10 1 4 1 3 4 3 1 1 2 1 2 3
18 4 2 2 2 2 1 1 1 1 1 4 1 4 1 8 1 1 2 3 1 2 2 1 1 1 11 1 4 1 3 4 3 1 2 1 2 1 1 1 1
18 4 2 2 2 2 1 1 3 4 1 4 1 8 1 1 2 3 1 2 2 1 1 2 10 1 4 1 3 4 3 1 2 1 2 1 3
18 4 2 2 2 3 2 1 1 4 1 4 1 8 1 1 2 3 1 2 3 2 11 1 4 1 3 4 3 1 2 1 1 1 2 1 1
18 4 2 2 2 3 4 4 1 4 1 8 1 1 2 3 1 2 3 3 10 1 4 1 3 4 3 1 2 1 1 1 4
18 4 2 2 2 4 1 1 1 4 1 4 1 8 1 1 2 3 1 2 4 1 11 1 4 1 3 4 3 1 2 1 1 2 1 1 1
18 4 2 2 2 4 3 4 1 4 1 8 1 1 2 3 1 2 4 2 10 1 4 1 3 4 3 1 2 1 1 2 3
18 4 2 3 1 2 1 1 1 1 1 4 1 4 1 8 1 1 2 3 2 1 2 1 1 1 11 1 4 1 3 4 3 2 1 1 2 1 1 1 1
18 4 2 3 1 2 1 1 3 4 1 4 1 8 1 1 2 3 2 1 2 1 1 2 10 1 4 1 3 4 3 2 1 1 2 1 3
18 4 2 3 1 3 2 1 1 4 1 4 1 8 1 1 2 3 2 1 3 2 11 1 4 1 3 4 3 2 1 1 1 1 2 1 1
18 4 2 3 1 3 4 4 1 4 1 8 1 1 2 3 2 1 3 3 10 1 4 1 3 4 3 2 1 1 1 1 4
18 4 2 6 1 1 1 1 1 4 1 4 1 8 1 1 2 3 5 1 1 1 11 1 4 1 3 4 3 4 2 1 1 1 1
18 4 2 6 1 1 3 4 1 4 1 8 1 1 2 3 5 1 1 2 10 1 4 1 3 4 3 4 2 1 3
18 4 2 7 2 1 1 4 1 4 1 8 1 1 2 3 6 2 11 1 4 1 3 4 3 4 1 1 2 1 1
18 4 2 7 4 4 1 4 1 8 1 1 2 3 6 3 10 1 4 1 3 4 3 4 1 1 4
18 5 1 1 1 1 2 3 1 1 1 6 1 1 1 2 1 3 1 2 3 1 1 1 1 5 2 1 1 1 8 1 2 1 4 1 1 4 2 1 5 1 2 1 1
18 5 1 1 1 1 2 3 3 6 1 1 1 2 1 3 1 2 3 1 1 1 1 5 2 3 8 1 2 1 4 1 1 4 2 1 5 1 4
18 5 1 1 1 2 1 3 1 1 1 6 1 1 1 2 1 3 1 2 3 1 1 1 1 2 1 2 2 1 1 1 8 1 2 1 4 1 1 4 2 1 2 1 2 1 2 1 1
18 5 1 1 1 2 1 3 3 6 1 1 1 2 1 3 1 2 3 1 1 1 1 2 1 2 2 3 8 1 2 1 4 1 1 4 2 1 2 1 2 1 4
18 5 1 2 1 3 1 1 1 1 1 2 1 4 1 2 1 7 4 2 2 1 3 2 2 1 3 1 3 1 2 1 1 1 5 4 3 1 2 2 3 1 1
18 5 1 2 1 3 1 1 1 1 1 4 1 1 1 2 1 3 1 4 1 1 3 2 1 2 2 1 1 1 1 1 6 1 2 1 4 1 3 2 1 2 2 1 2 1 2 1 1 1 1
18 5 1 2 1 3 1 1 1 1 1 4 1 4 1 8 1 1 3 2 1 1 3 1 1 1 11 1 4 1 3 5 2 1 1 2 2 1 1 1 1
18 5 1 2 1 3 1 1 3 4 1 1 1 2 1 3 1 4 1 1 3 2 1 2 2 1 1 3 6 1 2 1 4 1 3 2 1 2 2 1 2 1 2 1 3
18 5 1 2 1 3 1 1 3 4 1 4 1 8 1 1 3 2 1 1 3 1 1 2 10 1 4 1 3 5 2 1 1 2 2 1 3
18 5 1 2 1 4 1 2 1 5 1 1 1 2 1 3 1 3 2 1 2 1 1 2 1 1 2 1 2 1 7 1 2 1 4 1 2 3 1 1 1 1 2 1 1 1 2 2 1
18 5 1 2 1 4 2 1 1 4 1 1 1 2 1 3 1 4 1 1 3 2 1 2 3 2 1 1 6 1 2 1 4 1 3 2 1 2 2 1 2 1 1 1 2 1 1
18 5 1 2 1 4 2 1 1 4 1 4 1 8 1 1 3 2 1 1 4 2 11 1 4 1 3 5 2 1 1 2 1 1 2 1 1
18 5 1 2 1 4 4 4 1 1 1 2 1 3 1 4 1 1 3 2 1 2 3 4 6 1 2 1 4 1 3 2 1 2 2 1 2 1 1 1 4
18 5 1 2 1 4 4 4 1 4 1 8 1 1 3 2 1 1 4 3 10 1 4 1 3 5 2 1 1 2 1 1 4
18 5 1 2 1 5 1 1 1 4 1 1 1 2 1 3 1 4 1 1 3 2 1 2 4 1 1 1 6 1 2 1 4 1 3 2 1 2 2 1 2 1 1 2 1 1 1
18 5 1 2 1 5 3 4 1 1 1 2 1 3 1 4 1 1 3 2 1 2 4 3 6 1 2 1 4 1 3 2 1 2 2 1 2 1 1 2 3
18 5 1 2 2 2 1 1 1 1 1 4 1 4 1 8 1 1 3 2 1 2 2 1 1 1 11 1 4 1 3 5 2 1 2 1 2 1 1 1 1
18 5 1 2 2 2 1 1 3 4 1 4 1 8 1 1 3 2 1 2 2 1 1 2 10 1 4 1 3 5 2 1 2 1 2 1 3
18 5 1 2 2 3 2 1 1 4 1 4 1 8 1 1 3 2 1 2 3 2 11 1 4 1 3 5 2 1 2 1 1 1 2 1 1
18 5 1 2 2 3 4 4 1 4 1 8 1 1 3 2 1 2 3 3 10 1 4 1 3 5 2 1 2 1 1 1 4
18 5 1 5 1 2 1 1 1 2 1 4 1 2 1 7 4 2 5 1 1 1 2 1 3 1 3 1 2 1 1 1 5 4 3 2 1 1 1 1 2 1 1
18 5 1 5 1 2 3 2 1 4 1 2 1 7 4 2 5 1 1 1 1 2 3 1 3 1 2 1 1 1 5 4 3 2 1 1 1 1 4
18 5 1 5 2 1 1 1 1 2 1 4 1 2 1 7 4 2 5 3 2 1 3 1 3 1 2 1 1 1 5 4 3 2 1 1 4 1 1
18 5 1 7 1 2 1 4 1 4 1 2 1 5 5 2 6 1 1 1 6 1 3 1 2 1 1 1 3 5 2 1 1 2 1 1 1 1 2
18 5 2 3 1 3 3 6 1 1 1 2 1 3 1 2 3 1 1 2 1 1 1 2 2 3 8 1 2 1 4 1 1 4 3 1 1 1 2 1 4
18 5 2 7 3 6 1 1 1 2 1 3 1 2 3 1 1 2 1 1 2 1 2 3 8 1 2 1 4 1 1 4 3 1 1 2 1 1 4
18 5 3 1 2 3 1 1 1 6 1 1 1 2 1 3 1 2 3 1 1 7 2 1 1 1 8 1 2 1 4 1 1 4 8 1 2 1 1
18 5 3 1 2 3 3 6 1 1 1 2 1 3 1 2 3 1 1 7 2 3 8 1 2 1 4 1 1 4 8 1 4
18 5 3 2 1 3 1 1 1 6 1 1 1 2 1 3 1 2 3 1 1 4 1 2 2 1 1 1 8 1 2 1 4 1 1 4 5 1 2 1 2 1 1
18 5 3 2 1 3 3 6 1 1 1 2 1 3 1 2 3 1 1 4 1 2 2 3 8 1 2 1 4 1 1 4 5 1 2 1 4
18 5 3 6 3 6 1 1 1 2 1 3 1 2 3 1 1 4 2 1 2 3 8 1 2 1 4 1 1 4 5 2 1 1 4
18 6 1 1 1 1 2 3 2 7 1 1 1 2 1 3 1 1 4 1 1 1 1 5 2 2 9 1 2 1 4 6 2 1 5 1 3
18 6 1 1 1 2 1 3 2 7 1 1 1 2 1 3 1 1 4 1 1 1 1 2 1 2 2 2 9 1 2 1 4 6 2 1 2 1 2 1 3
18 6 1 1 2 2 1 1 1 1 2 4 1 2 1 9 2 1 3 1 1 2 1 1 2 1 1 1 1 1 3 1 2 1 1 1 7 2 1 1 1 1 4 1 2 1 1 1 1
18 6 1 1 2 2 1 1 4 4 1 2 1 9 2 1 3 1 1 2 1 1 2 3 1 1 3 1 2 1 1 1 7 2 1 1 1 1 4 1 2 1 3
18 6 1 1 2 3 2 1 1 5 1 1 1 2 1 3 1 3 2 1 3 5 2 2 1 1 7 1 2 1 4 1 2 3 1 2 5 1 3 1 1
18 6 1 1 2 3 4 5 1 1 1 2 1 3 1 3 2 1 3 5 2 4 7 1 2 1 4 1 2 3 1 2 5 1 5
18 6 1 2 1 1 2 2 2 3 1 4 1 2 1 6 5 2 2 1 1 2 1 1 1 1 4 1 3 1 2 1 1 1 4 5 3 1 4 1 3
18 6 1 2 1 2 1 1 1 1 2 4 1 2 1 9 2 1 3 1 2 1 1 1 2 1 1 1 1 1 3 1 2 1 1 1 7 2 1 1 1 1 2 1 1 1 2 1 1 1 1
18 6 1 2 1 2 1 1 4 4 1 2 1 9 2 1 3 1 2 1 1 1 2 3 1 1 3 1 2 1 1 1 7 2 1 1 1 1 2 1 1 1 2 1 3
18 6 1 2 1 2 1 2 2 3 1 4 1 2 1 6 5 2 2 1 2 1 1 1 1 1 4 1 3 1 2 1 1 1 4 5 3 1 2 1 1 1 3
18 6 1 2 1 2 3 1 2 4 1 2 1 9 2 1 3 1 2 1 1 1 1 2 1 1 1 1 3 1 2 1 1 1 7 2 1 1 1 1 2 1 1 1 4 1 1
18 6 1 2 1 2 6 4 1 2 1 9 2 1 3 1 2 1 1 1 1 4 1 1 3 1 2 1 1 1 7 2 1 1 1 1 2 1 1 1 6
18 6 1 5 1 1 1 1 2 4 1 2 1 9 2 1 3 1 4 1 2 1 1 1 1 1 3 1 2 1 1 1 7 2 1 1 1 1 2 3 2 1 1 1 1
18 6 1 5 1 1 4 4 1 2 1 9 2 1 3 1 4 1 2 3 1 1 3 1 2 1 1 1 7 2 1 1 1 1 2 3 2 1 3
18 6 2 1 1 3 2 1 1 1 1 4 1 2 1 8 3 1 2 2 1 1 2 1 1 1 1 1 2 1 3 1 2 1 1 1 6 3 1 1 5 2 3 1 1
18 6 2 1 1 3 4 1 1 4 1 2 1 8 3 1 2 2 1 1 2 1 1 3 2 1 3 1 2 1 1 1 6 3 1 1 5 2 5
18 6 2 2 1 4 2 7 1 1 1 2 1 3 1 1 4 1 1 2 1 2 1 1 2 2 9 1 2 1 4 6 3 1 2 1 1 1 3
18 6 2 5 2 1 1 1 1 4 1 2 1 8 3 1 2 2 4 1 1 1 1 1 2 1 3 1 2 1 1 1 6 3 1 1 4 3 3 1 1
18 6 2 5 4 1 1 4 1 2 1 8 3 1 2 2 4 1 1 3 2 1 3 1 2 1 1 1 6 3 1 1 4 3 5
18 6 3 1 2 3 2 7 1 1 1 2 1 3 1 1 4 1 1 7 2 2 9 1 2 1 4 6 8 1 3
18 6 3 2 1 3 2 7 1 1 1 2 1 3 1 1 4 1 1 4 1 2 2 2 9 1 2 1 4 6 5 1 2 1 3
18 7 1 1 1 1 2 1 3 3 1 4 1 10 4 1 1 1 1 1 1 2 1 1 1 1 8 1 4 1 4 5 1 1 1 1 4 1 3
18 7 1 1 1 3 2 1 1 1 1 4 1 2 1 8 3 1 3 1 1 1 2 1 1 1 1 1 2 1 3 1 2 1 1 1 6 3 1 1 1 1 3 2 3 1 1
18 7 1 1 1 3 4 1 1 4 1 2 1 8 3 1 3 1 1 1 2 1 1 3 2 1 3 1 2 1 1 1 6 3 1 1 1 1 3 2 5
18 7 1 5 2 1 1 1 1 4 1 2 1 8 3 1 3 1 4 1 1 1 1 1 2 1 3 1 2 1 1 1 6 3 1 1 1 1 2 3 3 1 1
18 7 1 5 4 1 1 4 1 2 1 8 3 1 3 1 4 1 1 3 2 1 3 1 2 1 1 1 6 3 1 1 1 1 2 3 5
18 7 1 7 2 7 1 1 1 2 1 3 1 1 4 1 2 1 1 1 2 1 2 2 9 1 2 1 4 6 1 1 1 1 1 2 1 1 3
18 7 1 8 1 7 1 1 1 2 1 3 1 1 4 1 2 1 1 1 2 1 3 1 9 1 2 1 4 6 1 1 1 1 1 2 1 1 1 1 1
18 7 2 1 2 3 2 7 1 1 1 2 1 3 1 1 4 1 2 6 2 2 9 1 2 1 4 6 1 1 6 1 3
18 7 2 2 1 3 2 7 1 1 1 2 1 3 1 1 4 1 2 3 1 2 2 2 9 1 2 1 4 6 1 1 3 1 2 1 3
18 8 1 1 1 1 1 1 1 1 1 4 1 1 1 2 1 3 1 4 1 1 4 1 1 3 1 1 1 1 1 1 6 1 2 1 4 1 3 2 1 3 1 1 5 1 1 1 1
18 8 1 1 1 1 1 1 3 4 1 1 1 2 1 3 1 4 1 1 4 1 1 3 1 1 1 3 6 1 2 1 4 1 3 2 1 3 1 1 5 1 3
18 8 1 1 2 3 2 7 1 1 1 2 1 3 1 1 4 1 3 5 2 2 9 1 2 1 4 6 1 2 5 1 3
18 8 1 2 1 3 2 7 1 1 1 2 1 3 1 1 4 1 3 2 1 2 2 2 9 1 2 1 4 6 1 2 2 1 2 1 3
18 8 1 3 1 1 1 1 1 4 1 1 1 2 1 3 1 4 1 1 4 1 1 2 2 1 1 1 1 1 6 1 2 1 4 1 3 2 1 3 1 1 2 1 2 1 1 1 1
18 8 1 3 1 1 3 4 1 1 1 2 1 3 1 4 1 1 4 1 1 2 2 1 1 3 6 1 2 1 4 1 3 2 1 3 1 1 2 1 2 1 3
18 8 1 3 3 1 1 4 1 4 1 8 1 1 4 1 1 1 3 3 11 1 4 1 3 6 1 1 1 2 4 1 1
18 8 1 3 5 4 1 4 1 8 1 1 4 1 1 1 3 4 10 1 4 1 3 6 1 1 1 2 6
18 8 2 2 3 1 1 4 1 4 1 8 1 1 4 1 1 2 2 3 11 1 4 1 3 6 1 1 2 1 4 1 1
18 8 2 2 5 4 1 4 1 8 1 1 4 1 1 2 2 4 10 1 4 1 3 6 1 1 2 1 6
18 9 1 1 1 1 1 1 2 5 1 1 1 2 1 3 1 3 2 1 4 1 1 3 1 1 1 2 7 1 2 1 4 1 2 3 1 3 1 1 5 1 2
18 9 1 1 2 1 3 3 1 4 1 10 4 1 3 1 1 2 1 1 1 1 8 1 4 1 4 5 1 3 4 1 3
18 9 1 2 1 1 1 1 2 4 1 2 1 9 2 1 6 1 1 1 2 1 1 1 1 1 3 1 2 1 1 1 7 2 1 1 1 2 1 1 1 1 2 1 1 1 1
18 9 1 2 1 1 4 4 1 2 1 9 2 1 6 1 1 1 2 3 1 1 3 1 2 1 1 1 7 2 1 1 1 2 1 1 1 1 2 1 3
18 9 1 2 1 2 2 3 1 4 1 2 1 6 5 1 3 1 2 1 1 1 1 1 4 1 3 1 2 1 1 1 4 5 1 1 1 1 2 1 1 1 3