24 10 1 4 1 4 1 2 1 12 8 1 6 1 3 1 2 1 1 1 10 1 1 2 1 3 2
24 2 1 1 1 1 1 13 1 1 1 2 1 3 1 6 1 1 1 3 1 1 13 1 2 1 4 1 4 1 2 1 3 1 1 1 1
24 2 1 1 1 1 2 12 1 1 1 2 1 3 1 6 1 1 1 5 13 1 2 1 4 1 4 1 2 1 5 1 1
24 2 1 1 1 15 1 1 1 2 1 3 1 6 1 1 1 2 2 1 13 1 2 1 4 1 4 1 2 1 2 2 1 1 1
24 2 1 1 1 2 1 12 1 1 1 2 1 3 1 6 1 1 1 2 1 2 13 1 2 1 4 1 4 1 2 1 2 1 2 1 1
24 2 1 17 1 1 1 2 1 3 1 6 1 1 2 1 2 1 13 1 2 1 4 1 4 1 2 2 1 2 1 1 1
24 2 1 3 1 13 1 1 1 2 1 3 1 6 1 1 2 2 1 1 13 1 2 1 4 1 4 1 2 2 2 1 1 1 1
24 2 1 3 2 12 1 1 1 2 1 3 1 6 1 1 2 4 13 1 2 1 4 1 4 1 2 2 4 1 1
24 2 1 4 1 12 1 1 1 2 1 3 1 6 1 1 2 1 1 2 13 1 2 1 4 1 4 1 2 2 1 1 2 1 1
24 2 2 16 1 1 1 2 1 3 1 6 1 2 1 1 2 1 13 1 2 1 4 1 4 1 3 1 1 2 1 1 1
24 2 2 2 1 13 1 1 1 2 1 3 1 6 1 2 1 2 1 1 13 1 2 1 4 1 4 1 3 1 2 1 1 1 1
24 2 2 2 2 12 1 1 1 2 1 3 1 6 1 2 1 4 13 1 2 1 4 1 4 1 3 1 4 1 1
24 2 2 3 1 12 1 1 1 2 1 3 1 6 1 2 1 1 1 2 13 1 2 1 4 1 4 1 3 1 1 1 2 1 1
24 2 3 1 1 13 1 1 1 2 1 3 1 6 1 5 1 1 13 1 2 1 4 1 4 1 6 1 1 1 1
24 2 3 1 2 12 1 1 1 2 1 3 1 6 1 7 13 1 2 1 4 1 4 1 8 1 1
24 2 3 15 1 1 1 2 1 3 1 6 1 4 2 1 13 1 2 1 4 1 4 1 5 2 1 1 1
24 2 3 2 1 12 1 1 1 2 1 3 1 6 1 4 1 2 13 1 2 1 4 1 4 1 5 1 2 1 1
24 20 1 1 1 2 1 3 1 6 4 1 2 1 13 1 2 1 4 1 4 1 1 3 1 2 1 1 1
24 3 1 16 1 1 1 2 1 3 1 6 2 1 1 1 2 1 13 1 2 1 4 1 4 1 1 1 1 1 1 2 1 1 1
24 3 1 2 1 13 1 1 1 2 1 3 1 6 2 1 1 2 1 1 13 1 2 1 4 1 4 1 1 1 1 1 2 1 1 1 1
24 3 1 2 1 2 1 10 1 1 1 2 1 3 1 6 2 1 1 2 1 2 12 1 2 1 4 1 4 1 1 1 1 1 2 1 3
24 3 1 2 1 3 1 4 1 4 1 2 1 12 2 1 2 1 2 1 6 1 3 1 2 1 1 1 10 1 2 1 2 2 2
24 3 1 2 2 12 1 1 1 2 1 3 1 6 2 1 1 4 13 1 2 1 4 1 4 1 1 1 1 1 4 1 1
24 3 1 2 2 2 1 4 1 4 1 2 1 12 2 1 2 2 1 1 6 1 3 1 2 1 1 1 10 1 2 1 3 1 2
24 3 1 3 1 12 1 1 1 2 1 3 1 6 2 1 1 1 1 2 13 1 2 1 4 1 4 1 1 1 1 1 1 1 2 1 1
24 3 1 3 1 2 1 4 1 4 1 2 1 12 2 1 3 1 1 1 6 1 3 1 2 1 1 1 10 1 2 1 1 1 1 1 2
24 3 1 6 1 4 1 4 1 2 1 12 2 1 5 1 6 1 3 1 2 1 1 1 10 1 2 1 1 3 2
24 3 2 1 1 1 1 1 1 4 1 4 1 2 1 12 2 2 1 1 1 2 6 1 3 1 2 1 1 1 10 1 5 1 3
24 3 2 1 1 13 1 1 1 2 1 3 1 6 2 4 1 1 13 1 2 1 4 1 4 1 1 1 4 1 1 1 1
24 3 2 1 1 2 1 10 1 1 1 2 1 3 1 6 2 4 1 2 12 1 2 1 4 1 4 1 1 1 4 1 3
24 3 2 1 1 3 1 4 1 4 1 2 1 12 2 2 1 1 2 1 6 1 3 1 2 1 1 1 10 1 5 2 2
24 3 2 1 2 12 1 1 1 2 1 3 1 6 2 6 13 1 2 1 4 1 4 1 1 1 6 1 1
24 3 2 1 2 2 1 4 1 4 1 2 1 12 2 2 1 2 1 1 6 1 3 1 2 1 1 1 10 1 6 1 2
24 3 2 15 1 1 1 2 1 3 1 6 2 3 2 1 13 1 2 1 4 1 4 1 1 1 3 2 1 1 1
24 3 2 2 1 12 1 1 1 2 1 3 1 6 2 3 1 2 13 1 2 1 4 1 4 1 1 1 3 1 2 1 1
24 3 2 2 1 2 1 4 1 4 1 2 1 12 2 2 2 1 1 1 6 1 3 1 2 1 1 1 10 1 4 1 1 1 2
24 3 2 4 1 10 1 1 1 2 1 3 1 6 2 3 2 2 12 1 2 1 4 1 4 1 1 1 3 2 3
24 3 2 5 1 4 1 4 1 2 1 12 2 2 4 1 6 1 3 1 2 1 1 1 10 1 4 3 2
24 4 1 1 1 1 1 1 1 4 1 4 1 2 1 12 3 1 1 1 1 2 6 1 3 1 2 1 1 1 10 1 1 1 3 1 3
24 4 1 1 1 13 1 1 1 2 1 3 1 6 3 3 1 1 13 1 2 1 4 1 4 1 1 2 3 1 1 1 1
24 4 1 1 1 2 1 10 1 1 1 2 1 3 1 6 3 3 1 2 12 1 2 1 4 1 4 1 1 2 3 1 3
24 4 1 1 1 3 1 4 1 4 1 2 1 12 3 1 1 1 2 1 6 1 3 1 2 1 1 1 10 1 1 1 3 2 2
24 4 1 1 2 12 1 1 1 2 1 3 1 6 3 5 13 1 2 1 4 1 4 1 1 2 5 1 1
24 4 1 1 2 2 1 4 1 4 1 2 1 12 3 1 1 2 1 1 6 1 3 1 2 1 1 1 10 1 1 1 4 1 2
24 4 1 15 1 1 1 2 1 3 1 6 3 2 2 1 13 1 2 1 4 1 4 1 1 2 2 2 1 1 1
24 4 1 2 1 12 1 1 1 2 1 3 1 6 3 2 1 2 13 1 2 1 4 1 4 1 1 2 2 1 2 1 1
24 4 1 2 1 2 1 4 1 4 1 2 1 12 3 1 2 1 1 1 6 1 3 1 2 1 1 1 10 1 1 1 2 1 1 1 2
24 4 1 2 2 1 1 4 1 4 1 2 1 12 3 1 2 3 6 1 3 1 2 1 1 1 10 1 1 1 2 1 4
24 4 1 3 1 1 1 4 1 4 1 2 1 12 3 1 3 2 6 1 3 1 2 1 1 1 10 1 1 1 2 2 3
24 4 1 4 1 10 1 1 1 2 1 3 1 6 3 2 2 2 12 1 2 1 4 1 4 1 1 2 2 2 3
24 4 1 5 1 4 1 4 1 2 1 12 3 1 4 1 6 1 3 1 2 1 1 1 10 1 1 1 2 3 2
24 6 1 1 1 1 1 4 1 4 1 2 1 12 5 1 1 2 6 1 3 1 2 1 1 1 10 1 1 2 2 1 3
24 6 1 13 1 1 1 2 1 3 1 6 4 2 1 1 13 1 2 1 4 1 4 1 1 3 2 1 1 1 1
24 6 1 2 1 10 1 1 1 2 1 3 1 6 4 2 1 2 12 1 2 1 4 1 4 1 1 3 2 1 3
24 6 1 3 1 4 1 4 1 2 1 12 5 1 2 1 6 1 3 1 2 1 1 1 10 1 1 2 2 2 2
24 6 2 12 1 1 1 2 1 3 1 6 4 4 13 1 2 1 4 1 4 1 1 3 4 1 1
24 6 2 2 1 4 1 4 1 2 1 12 5 2 1 1 6 1 3 1 2 1 1 1 10 1 1 2 3 1 2
24 6 3 1 1 4 1 4 1 2 1 12 5 4 6 1 3 1 2 1 1 1 10 1 1 2 6
24 7 1 1 1 10 1 1 1 2 1 3 1 6 4 1 1 3 12 1 2 1 4 1 4 1 1 3 1 1 4
24 7 1 12 1 1 1 2 1 3 1 6 4 1 1 2 13 1 2 1 4 1 4 1 1 3 1 1 2 1 1
24 7 1 2 1 4 1 4 1 2 1 12 6 1 1 1 6 1 3 1 2 1 1 1 10 1 1 2 1 1 1 1 2
24 7 2 1 1 4 1 4 1 2 1 12 6 3 6 1 3 1 2 1 1 1 10 1 1 2 1 1 4
24 8 1 1 1 4 1 4 1 2 1 12 7 2 6 1 3 1 2 1 1 1 10 1 1 2 1 2 3
24 9 1 10 1 1 1 2 1 3 1 6 4 1 2 2 12 1 2 1 4 1 4 1 1 3 1 2 3