21 1 1 21 1 1 1 2 1 3 1 2 1 1 1 1 4 1 2 1 13 1 2 1 4 1 1 1 1 2 1 3 1 2 1 1 1
21 1 1 3 1 1 1 1 1 13 1 1 1 2 1 3 1 2 1 1 1 1 1 1 1 3 1 1 13 1 2 1 4 1 1 1 1 2 2 1 3 1 1 1 1
21 1 1 3 1 1 1 15 1 1 1 2 1 3 1 2 1 1 1 1 1 1 1 2 2 1 13 1 2 1 4 1 1 1 1 2 2 1 2 2 1 1 1
21 1 1 3 1 1 1 2 1 12 1 1 1 2 1 3 1 2 1 1 1 1 1 1 1 2 1 2 13 1 2 1 4 1 1 1 1 2 2 1 2 1 2 1 1
21 1 1 3 1 17 1 1 1 2 1 3 1 2 1 1 1 1 1 1 2 1 2 1 13 1 2 1 4 1 1 1 1 2 2 2 1 2 1 1 1
21 1 1 3 1 3 1 13 1 1 1 2 1 3 1 2 1 1 1 1 1 1 2 2 1 1 13 1 2 1 4 1 1 1 1 2 2 2 2 1 1 1 1
21 1 1 3 1 4 1 12 1 1 1 2 1 3 1 2 1 1 1 1 1 1 2 1 1 2 13 1 2 1 4 1 1 1 1 2 2 2 1 1 2 1 1
21 1 1 3 2 16 1 1 1 2 1 3 1 2 1 1 1 1 1 2 1 1 2 1 13 1 2 1 4 1 1 1 1 2 3 1 1 2 1 1 1
21 1 1 3 2 2 1 13 1 1 1 2 1 3 1 2 1 1 1 1 1 2 1 2 1 1 13 1 2 1 4 1 1 1 1 2 3 1 2 1 1 1 1
21 1 1 3 2 3 1 12 1 1 1 2 1 3 1 2 1 1 1 1 1 2 1 1 1 2 13 1 2 1 4 1 1 1 1 2 3 1 1 1 2 1 1
21 1 1 3 3 1 1 13 1 1 1 2 1 3 1 2 1 1 1 1 1 5 1 1 13 1 2 1 4 1 1 1 1 2 6 1 1 1 1
21 1 1 3 3 15 1 1 1 2 1 3 1 2 1 1 1 1 1 4 2 1 13 1 2 1 4 1 1 1 1 2 5 2 1 1 1
21 1 1 3 3 2 1 12 1 1 1 2 1 3 1 2 1 1 1 1 1 4 1 2 13 1 2 1 4 1 1 1 1 2 5 1 2 1 1
21 1 1 4 1 16 1 1 1 2 1 3 1 2 1 1 1 1 2 1 1 1 2 1 13 1 2 1 4 1 1 1 1 2 1 1 1 1 1 2 1 1 1
21 1 1 4 1 2 1 13 1 1 1 2 1 3 1 2 1 1 1 1 2 1 1 2 1 1 13 1 2 1 4 1 1 1 1 2 1 1 1 1 2 1 1 1 1
21 1 1 4 1 2 2 12 1 1 1 2 1 3 1 2 1 1 1 1 2 1 1 4 13 1 2 1 4 1 1 1 1 2 1 1 1 1 4 1 1
21 1 1 4 1 3 1 12 1 1 1 2 1 3 1 2 1 1 1 1 2 1 1 1 1 2 13 1 2 1 4 1 1 1 1 2 1 1 1 1 1 1 2 1 1
21 1 1 4 1 3 2 1 1 1 1 4 1 2 1 13 4 1 2 1 1 1 1 1 2 1 3 1 2 1 1 1 12 2 2 2 3 1 1
21 1 1 4 2 1 1 13 1 1 1 2 1 3 1 2 1 1 1 1 2 4 1 1 13 1 2 1 4 1 1 1 1 2 1 1 4 1 1 1 1
21 1 1 4 2 15 1 1 1 2 1 3 1 2 1 1 1 1 2 3 2 1 13 1 2 1 4 1 1 1 1 2 1 1 3 2 1 1 1
21 1 1 4 2 2 1 12 1 1 1 2 1 3 1 2 1 1 1 1 2 3 1 2 13 1 2 1 4 1 1 1 1 2 1 1 3 1 2 1 1
21 1 1 4 2 2 2 1 1 1 1 4 1 2 1 13 4 2 1 1 1 1 1 1 2 1 3 1 2 1 1 1 12 2 3 1 3 1 1
21 1 1 5 1 1 1 13 1 1 1 2 1 3 1 2 1 1 1 1 3 3 1 1 13 1 2 1 4 1 1 1 1 2 1 2 3 1 1 1 1
21 1 1 5 1 15 1 1 1 2 1 3 1 2 1 1 1 1 3 2 2 1 13 1 2 1 4 1 1 1 1 2 1 2 2 2 1 1 1
21 1 1 5 1 2 1 12 1 1 1 2 1 3 1 2 1 1 1 1 3 2 1 2 13 1 2 1 4 1 1 1 1 2 1 2 2 1 2 1 1
21 1 1 5 1 2 2 1 1 1 1 4 1 2 1 13 5 1 1 1 1 1 1 1 2 1 3 1 2 1 1 1 12 2 1 1 1 1 3 1 1
21 1 1 5 2 1 2 1 1 1 1 4 1 2 1 13 5 3 1 1 1 1 2 1 3 1 2 1 1 1 12 2 1 1 5 1 1
21 1 1 6 1 1 2 1 1 1 1 4 1 2 1 13 6 2 1 1 1 1 2 1 3 1 2 1 1 1 12 2 1 2 4 1 1
21 1 1 7 1 13 1 1 1 2 1 3 1 2 1 1 1 1 4 2 1 1 13 1 2 1 4 1 1 1 1 2 1 3 2 1 1 1 1
21 1 1 7 2 12 1 1 1 2 1 3 1 2 1 1 1 1 4 4 13 1 2 1 4 1 1 1 1 2 1 3 4 1 1
21 1 1 8 1 12 1 1 1 2 1 3 1 2 1 1 1 1 4 1 1 2 13 1 2 1 4 1 1 1 1 2 1 3 1 1 2 1 1
21 1 1 8 2 1 1 1 1 4 1 2 1 13 7 1 1 1 1 1 2 1 3 1 2 1 1 1 12 2 1 3 3 1 1
21 1 2 2 1 1 1 1 1 13 1 1 1 2 1 3 1 2 1 3 1 1 1 3 1 1 13 1 2 1 4 1 1 1 2 1 2 1 3 1 1 1 1
21 1 2 2 1 1 1 1 2 12 1 1 1 2 1 3 1 2 1 3 1 1 1 5 13 1 2 1 4 1 1 1 2 1 2 1 5 1 1
21 1 2 2 1 1 1 15 1 1 1 2 1 3 1 2 1 3 1 1 1 2 2 1 13 1 2 1 4 1 1 1 2 1 2 1 2 2 1 1 1
21 1 2 2 1 1 1 2 1 12 1 1 1 2 1 3 1 2 1 3 1 1 1 2 1 2 13 1 2 1 4 1 1 1 2 1 2 1 2 1 2 1 1
21 1 2 2 1 17 1 1 1 2 1 3 1 2 1 3 1 1 2 1 2 1 13 1 2 1 4 1 1 1 2 1 2 2 1 2 1 1 1
21 1 2 2 1 3 1 13 1 1 1 2 1 3 1 2 1 3 1 1 2 2 1 1 13 1 2 1 4 1 1 1 2 1 2 2 2 1 1 1 1
21 1 2 2 1 3 2 12 1 1 1 2 1 3 1 2 1 3 1 1 2 4 13 1 2 1 4 1 1 1 2 1 2 2 4 1 1
21 1 2 2 1 4 1 12 1 1 1 2 1 3 1 2 1 3 1 1 2 1 1 2 13 1 2 1 4 1 1 1 2 1 2 2 1 1 2 1 1
21 1 2 2 2 16 1 1 1 2 1 3 1 2 1 3 1 2 1 1 2 1 13 1 2 1 4 1 1 1 2 1 3 1 1 2 1 1 1
21 1 2 2 2 2 1 13 1 1 1 2 1 3 1 2 1 3 1 2 1 2 1 1 13 1 2 1 4 1 1 1 2 1 3 1 2 1 1 1 1
21 1 2 2 2 2 2 12 1 1 1 2 1 3 1 2 1 3 1 2 1 4 13 1 2 1 4 1 1 1 2 1 3 1 4 1 1
21 1 2 2 2 3 1 12 1 1 1 2 1 3 1 2 1 3 1 2 1 1 1 2 13 1 2 1 4 1 1 1 2 1 3 1 1 1 2 1 1
21 1 2 2 3 1 1 13 1 1 1 2 1 3 1 2 1 3 1 5 1 1 13 1 2 1 4 1 1 1 2 1 6 1 1 1 1
21 1 2 2 3 1 2 12 1 1 1 2 1 3 1 2 1 3 1 7 13 1 2 1 4 1 1 1 2 1 8 1 1
21 1 2 2 3 15 1 1 1 2 1 3 1 2 1 3 1 4 2 1 13 1 2 1 4 1 1 1 2 1 5 2 1 1 1
21 1 2 2 3 2 1 12 1 1 1 2 1 3 1 2 1 3 1 4 1 2 13 1 2 1 4 1 1 1 2 1 5 1 2 1 1
21 1 2 20 1 1 1 2 1 3 1 2 1 3 4 1 2 1 13 1 2 1 4 1 1 1 2 1 1 3 1 2 1 1 1
21 1 2 3 1 16 1 1 1 2 1 3 1 2 1 3 2 1 1 1 2 1 13 1 2 1 4 1 1 1 2 1 1 1 1 1 1 2 1 1 1
21 1 2 3 1 2 1 13 1 1 1 2 1 3 1 2 1 3 2 1 1 2 1 1 13 1 2 1 4 1 1 1 2 1 1 1 1 1 2 1 1 1 1
21 1 2 3 1 2 2 12 1 1 1 2 1 3 1 2 1 3 2 1 1 4 13 1 2 1 4 1 1 1 2 1 1 1 1 1 4 1 1
21 1 2 3 1 3 1 12 1 1 1 2 1 3 1 2 1 3 2 1 1 1 1 2 13 1 2 1 4 1 1 1 2 1 1 1 1 1 1 1 2 1 1
21 1 2 3 2 1 1 13 1 1 1 2 1 3 1 2 1 3 2 4 1 1 13 1 2 1 4 1 1 1 2 1 1 1 4 1 1 1 1
21 1 2 3 2 1 2 12 1 1 1 2 1 3 1 2 1 3 2 6 13 1 2 1 4 1 1 1 2 1 1 1 6 1 1
21 1 2 3 2 15 1 1 1 2 1 3 1 2 1 3 2 3 2 1 13 1 2 1 4 1 1 1 2 1 1 1 3 2 1 1 1
21 1 2 3 2 2 1 12 1 1 1 2 1 3 1 2 1 3 2 3 1 2 13 1 2 1 4 1 1 1 2 1 1 1 3 1 2 1 1
21 1 2 4 1 1 1 13 1 1 1 2 1 3 1 2 1 3 3 3 1 1 13 1 2 1 4 1 1 1 2 1 1 2 3 1 1 1 1
21 1 2 4 1 1 2 12 1 1 1 2 1 3 1 2 1 3 3 5 13 1 2 1 4 1 1 1 2 1 1 2 5 1 1
21 1 2 4 1 15 1 1 1 2 1 3 1 2 1 3 3 2 2 1 13 1 2 1 4 1 1 1 2 1 1 2 2 2 1 1 1
21 1 2 4 1 2 1 12 1 1 1 2 1 3 1 2 1 3 3 2 1 2 13 1 2 1 4 1 1 1 2 1 1 2 2 1 2 1 1
21 1 2 6 1 13 1 1 1 2 1 3 1 2 1 3 4 2 1 1 13 1 2 1 4 1 1 1 2 1 1 3 2 1 1 1 1
21 1 2 6 2 12 1 1 1 2 1 3 1 2 1 3 4 4 13 1 2 1 4 1 1 1 2 1 1 3 4 1 1
21 1 2 7 1 12 1 1 1 2 1 3 1 2 1 3 4 1 1 2 13 1 2 1 4 1 1 1 2 1 1 3 1 1 2 1 1
21 10 1 1 1 10 1 1 1 2 1 3 1 2 3 1 4 1 1 3 12 1 2 1 4 1 1 4 1 3 1 1 4
21 10 1 1 2 1 1 4 1 2 1 12 8 1 2 2 2 1 3 1 2 1 1 1 10 1 1 2 1 3 2 1 2
21 10 1 1 2 3 1 4 1 2 1 9 2 1 7 2 1 1 4 1 3 1 2 1 1 1 7 2 1 1 1 2 1 2 4
21 10 1 12 1 1 1 2 1 3 1 2 3 1 4 1 1 2 13 1 2 1 4 1 1 4 1 3 1 1 2 1 1
21 10 1 2 1 1 1 4 1 2 1 12 8 1 3 1 2 1 3 1 2 1 1 1 10 1 1 2 1 3 2 2 1
21 10 1 2 1 4 1 4 1 2 1 8 3 1 6 1 1 1 6 1 3 1 2 1 1 1 6 3 1 1 1 2 1 1 1 1 2
21 10 2 1 1 1 1 4 1 2 1 12 8 1 1 1 1 1 2 1 3 1 2 1 1 1 10 1 1 2 1 3 3 1 1
21 10 2 1 1 4 1 4 1 2 1 8 3 1 6 3 6 1 3 1 2 1 1 1 6 3 1 1 1 2 1 1 4
21 10 4 1 1 4 1 2 1 12 8 1 1 3 2 1 3 1 2 1 1 1 10 1 1 2 1 3 5
21 11 1 1 1 2 1 4 1 2 1 10 1 1 8 1 2 1 3 1 3 1 2 1 1 1 8 1 1 1 1 2 1 3 2 1 1
21 11 1 1 1 4 1 4 1 2 1 8 3 1 7 2 6 1 3 1 2 1 1 1 6 3 1 1 1 2 1 2 3
21 11 1 1 1 6 1 1 1 2 1 3 1 6 4 1 2 1 2 1 1 1 8 1 2 1 4 1 4 1 1 3 1 2 1 1 2 1 1
21 11 3 2 1 4 1 2 1 10 1 1 8 1 1 2 3 1 3 1 2 1 1 1 8 1 1 1 1 2 1 3 4
21 11 3 6 1 1 1 2 1 3 1 6 4 1 2 1 2 3 8 1 2 1 4 1 4 1 1 3 1 2 1 1 4
21 12 1 10 1 1 1 2 1 3 1 2 3 1 4 1 2 2 12 1 2 1 4 1 1 4 1 3 1 2 3
21 12 2 3 1 4 1 2 1 9 2 1 8 1 1 1 4 1 3 1 2 1 1 1 7 2 1 1 1 2 1 3 3
21 12 2 6 1 1 1 2 1 3 1 6 4 1 2 1 3 2 8 1 2 1 4 1 4 1 1 3 1 2 1 1 1 1 2
21 13 1 4 1 4 1 2 1 8 3 1 8 1 6 1 3 1 2 1 1 1 6 3 1 1 1 2 1 3 2
21 13 1 6 1 1 1 2 1 3 1 6 4 1 2 1 4 1 8 1 2 1 4 1 4 1 1 3 1 2 1 1 1 2 1
21 2 1 1 1 1 2 1 1 1 1 1 1 6 1 1 1 2 1 3 1 6 1 1 1 6 1 1 1 1 8 1 2 1 4 1 4 1 2 1 8 1 1
21 2 1 1 1 1 2 1 1 3 1 6 1 1 1 2 1 3 1 6 1 1 1 6 3 1 8 1 2 1 4 1 4 1 2 1 7 2 1
21 2 1 1 1 2 1 1 1 1 1 1 1 2 1 4 1 2 1 10 1 2 1 1 2 1 1 2 2 1 3 1 3 1 2 1 1 1 8 1 4 1 2 1 3 1 1
21 2 1 1 1 2 1 1 1 1 1 1 1 6 1 1 1 2 1 3 1 6 1 1 1 2 1 3 1 1 1 1 8 1 2 1 4 1 4 1 2 1 2 1 5 1 1
21 2 1 1 1 2 1 1 1 3 1 6 1 1 1 2 1 3 1 6 1 1 1 2 1 3 3 1 8 1 2 1 4 1 4 1 2 1 2 1 4 2 1
21 2 1 1 1 2 1 3 1 1 1 2 1 4 1 2 1 10 1 2 1 1 2 1 2 1 2 1 3 1 3 1 2 1 1 1 8 1 4 1 2 2 2 1 1
21 2 1 1 1 2 3 1 1 1 1 2 1 4 1 2 1 10 1 2 1 1 2 4 2 1 3 1 3 1 2 1 1 1 8 1 4 1 6 1 1
21 2 1 1 1 4 1 1 1 1 1 2 1 4 1 2 1 10 1 2 1 1 4 2 2 1 3 1 3 1 2 1 1 1 8 1 4 1 1 2 3 1 1
21 2 1 10 1 6 1 1 1 2 1 3 1 6 1 1 2 1 2 1 4 1 8 1 2 1 4 1 4 1 2 2 1 2 1 1 1 2 1
21 2 1 2 1 1 1 1 1 1 1 1 1 2 1 4 1 2 1 10 1 2 2 1 1 1 1 2 2 1 3 1 3 1 2 1 1 1 8 1 3 1 3 1 3 1 1
21 2 1 2 1 1 1 1 1 13 1 1 1 2 1 3 1 2 2 2 1 1 1 3 1 1 13 1 2 1 4 1 1 2 1 1 2 1 3 1 1 1 1
21 2 1 2 1 1 1 1 2 12 1 1 1 2 1 3 1 2 2 2 1 1 1 5 13 1 2 1 4 1 1 2 1 1 2 1 5 1 1
21 2 1 2 1 1 1 15 1 1 1 2 1 3 1 2 2 2 1 1 1 2 2 1 13 1 2 1 4 1 1 2 1 1 2 1 2 2 1 1 1
21 2 1 2 1 1 1 2 1 12 1 1 1 2 1 3 1 2 2 2 1 1 1 2 1 2 13 1 2 1 4 1 1 2 1 1 2 1 2 1 2 1 1
21 2 1 2 1 1 1 3 1 1 1 2 1 4 1 2 1 10 1 2 2 1 1 1 2 1 2 1 3 1 3 1 2 1 1 1 8 1 3 1 3 2 2 1 1
21 2 1 2 1 1 2 2 1 1 1 2 1 4 1 2 1 10 1 2 2 1 1 2 1 1 2 1 3 1 3 1 2 1 1 1 8 1 3 1 4 1 2 1 1
21 2 1 2 1 1 3 1 1 1 1 2 1 4 1 2 1 10 1 2 2 1 1 4 2 1 3 1 3 1 2 1 1 1 8 1 3 1 7 1 1
21 2 1 2 1 17 1 1 1 2 1 3 1 2 2 2 1 1 2 1 2 1 13 1 2 1 4 1 1 2 1 1 2 2 1 2 1 1 1
21 2 1 2 1 2 1 2 1 1 1 2 1 4 1 2 1 10 1 2 2 1 2 1 1 1 2 1 3 1 3 1 2 1 1 1 8 1 3 1 2 1 1 1 2 1 1
21 2 1 2 1 2 2 1 1 1 1 2 1 4 1 2 1 10 1 2 2 1 2 3 2 1 3 1 3 1 2 1 1 1 8 1 3 1 2 1 4 1 1
21 2 1 2 1 3 1 1 1 1 1 2 1 4 1 2 1 10 1 2 2 1 3 2 2 1 3 1 3 1 2 1 1 1 8 1 3 1 2 2 3 1 1
21 2 1 2 1 3 1 13 1 1 1 2 1 3 1 2 2 2 1 1 2 2 1 1 13 1 2 1 4 1 1 2 1 1 2 2 2 1 1 1 1
21 2 1 2 1 3 2 12 1 1 1 2 1 3 1 2 2 2 1 1 2 4 13 1 2 1 4 1 1 2 1 1 2 2 4 1 1
21 2 1 2 1 4 1 12 1 1 1 2 1 3 1 2 2 2 1 1 2 1 1 2 13 1 2 1 4 1 1 2 1 1 2 2 1 1 2 1 1
21 2 1 2 1 5 1 1 1 2 1 4 1 2 1 10 1 2 2 1 4 1 2 1 3 1 3 1 2 1 1 1 8 1 3 1 2 3 2 1 1
21 2 1 2 2 16 1 1 1 2 1 3 1 2 2 2 1 2 1 1 2 1 13 1 2 1 4 1 1 2 1 1 3 1 1 2 1 1 1
21 2 1 2 2 2 1 13 1 1 1 2 1 3 1 2 2 2 1 2 1 2 1 1 13 1 2 1 4 1 1 2 1 1 3 1 2 1 1 1 1
21 2 1 2 2 2 2 12 1 1 1 2 1 3 1 2 2 2 1 2 1 4 13 1 2 1 4 1 1 2 1 1 3 1 4 1 1
21 2 1 2 2 3 1 12 1 1 1 2 1 3 1 2 2 2 1 2 1 1 1 2 13 1 2 1 4 1 1 2 1 1 3 1 1 1 2 1 1
21 2 1 2 3 1 1 13 1 1 1 2 1 3 1 2 2 2 1 5 1 1 13 1 2 1 4 1 1 2 1 1 6 1 1 1 1
21 2 1 2 3 1 2 12 1 1 1 2 1 3 1 2 2 2 1 7 13 1 2 1 4 1 1 2 1 1 8 1 1
21 2 1 2 3 15 1 1 1 2 1 3 1 2 2 2 1 4 2 1 13 1 2 1 4 1 1 2 1 1 5 2 1 1 1
21 2 1 2 3 2 1 12 1 1 1 2 1 3 1 2 2 2 1 4 1 2 13 1 2 1 4 1 1 2 1 1 5 1 2 1 1
21 2 1 20 1 1 1 2 1 3 1 2 2 2 4 1 2 1 13 1 2 1 4 1 1 2 1 1 1 3 1 2 1 1 1
21 2 1 3 1 16 1 1 1 2 1 3 1 2 2 2 2 1 1 1 2 1 13 1 2 1 4 1 1 2 1 1 1 1 1 1 1 2 1 1 1
21 2 1 3 1 2 1 1 1 1 1 6 1 1 1 2 1 3 1 6 1 1 2 2 1 2 1 1 1 1 8 1 2 1 4 1 4 1 2 2 2 1 4 1 1
21 2 1 3 1 2 1 13 1 1 1 2 1 3 1 2 2 2 2 1 1 2 1 1 13 1 2 1 4 1 1 2 1 1 1 1 1 1 2 1 1 1 1
21 2 1 3 1 2 1 3 1 6 1 1 1 2 1 3 1 6 1 1 2 2 1 2 3 1 8 1 2 1 4 1 4 1 2 2 2 1 3 2 1
21 2 1 3 1 2 2 12 1 1 1 2 1 3 1 2 2 2 2 1 1 4 13 1 2 1 4 1 1 2 1 1 1 1 1 1 4 1 1
21 2 1 3 1 2 2 2 1 4 1 4 1 2 1 8 2 2 2 1 2 2 1 1 6 1 3 1 2 1 1 1 6 2 2 1 2 1 3 1 2
21 2 1 3 1 3 1 12 1 1 1 2 1 3 1 2 2 2 2 1 1 1 1 2 13 1 2 1 4 1 1 2 1 1 1 1 1 1 1 1 2 1 1
21 2 1 3 1 3 1 2 1 4 1 4 1 2 1 8 2 2 2 1 3 1 1 1 6 1 3 1 2 1 1 1 6 2 2 1 2 1 1 1 1 1 2
21 2 1 3 1 4 1 1 1 6 1 1 1 2 1 3 1 6 1 1 2 2 1 1 2 1 1 1 8 1 2 1 4 1 4 1 2 2 2 1 1 1 2 1 1
21 2 1 3 1 5 2 6 1 1 1 2 1 3 1 6 1 1 2 2 1 1 3 2 8 1 2 1 4 1 4 1 2 2 2 1 1 1 1 1 2
21 2 1 3 1 6 1 6 1 1 1 2 1 3 1 6 1 1 2 2 1 1 4 1 8 1 2 1 4 1 4 1 2 2 2 1 1 1 1 2 1
21 2 1 3 2 1 1 1 1 1 1 6 1 1 1 2 1 3 1 6 1 1 2 5 1 1 1 1 8 1 2 1 4 1 4 1 2 2 7 1 1
21 2 1 3 2 1 1 13 1 1 1 2 1 3 1 2 2 2 2 4 1 1 13 1 2 1 4 1 1 2 1 1 1 1 4 1 1 1 1
21 2 1 3 2 1 1 3 1 6 1 1 1 2 1 3 1 6 1 1 2 5 3 1 8 1 2 1 4 1 4 1 2 2 6 2 1
21 2 1 3 2 1 2 12 1 1 1 2 1 3 1 2 2 2 2 6 13 1 2 1 4 1 1 2 1 1 1 1 6 1 1
21 2 1 3 2 15 1 1 1 2 1 3 1 2 2 2 2 3 2 1 13 1 2 1 4 1 1 2 1 1 1 1 3 2 1 1 1
21 2 1 3 2 2 1 12 1 1 1 2 1 3 1 2 2 2 2 3 1 2 13 1 2 1 4 1 1 2 1 1 1 1 3 1 2 1 1
21 2 1 3 2 2 1 2 1 4 1 4 1 2 1 8 2 2 2 2 2 1 1 1 6 1 3 1 2 1 1 1 6 2 2 1 4 1 1 1 2
21 2 1 3 2 3 1 1 1 6 1 1 1 2 1 3 1 6 1 1 2 4 2 1 1 1 8 1 2 1 4 1 4 1 2 2 4 1 2 1 1
21 2 1 3 2 4 2 6 1 1 1 2 1 3 1 6 1 1 2 4 3 2 8 1 2 1 4 1 4 1 2 2 4 1 1 1 2
21 2 1 3 2 5 1 6 1 1 1 2 1 3 1 6 1 1 2 4 4 1 8 1 2 1 4 1 4 1 2 2 4 1 1 2 1
21 2 1 4 1 1 1 1 1 1 1 2 1 4 1 2 1 10 1 2 4 1 1 2 2 1 3 1 3 1 2 1 1 1 8 1 3 2 2 1 3 1 1
21 2 1 4 1 1 1 1 1 1 1 6 1 1 1 2 1 3 1 6 1 1 2 1 1 3 1 1 1 1 8 1 2 1 4 1 4 1 2 2 1 1 5 1 1
21 2 1 4 1 1 1 13 1 1 1 2 1 3 1 2 2 2 3 3 1 1 13 1 2 1 4 1 1 2 1 1 1 2 3 1 1 1 1
21 2 1 4 1 1 1 3 1 6 1 1 1 2 1 3 1 6 1 1 2 1 1 3 3 1 8 1 2 1 4 1 4 1 2 2 1 1 4 2 1
21 2 1 4 1 1 2 12 1 1 1 2 1 3 1 2 2 2 3 5 13 1 2 1 4 1 1 2 1 1 1 2 5 1 1
21 2 1 4 1 1 2 2 1 4 1 4 1 2 1 8 2 2 3 1 1 2 1 1 6 1 3 1 2 1 1 1 6 2 2 1 1 1 4 1 2
21 2 1 4 1 15 1 1 1 2 1 3 1 2 2 2 3 2 2 1 13 1 2 1 4 1 1 2 1 1 1 2 2 2 1 1 1
21 2 1 4 1 2 1 12 1 1 1 2 1 3 1 2 2 2 3 2 1 2 13 1 2 1 4 1 1 2 1 1 1 2 2 1 2 1 1
21 2 1 4 1 2 1 2 1 4 1 4 1 2 1 8 2 2 3 1 2 1 1 1 6 1 3 1 2 1 1 1 6 2 2 1 1 1 2 1 1 1 2
21 2 1 4 1 3 1 1 1 2 1 4 1 2 1 10 1 2 4 1 2 1 2 1 3 1 3 1 2 1 1 1 8 1 3 2 2 2 2 1 1
21 2 1 4 1 3 1 1 1 6 1 1 1 2 1 3 1 6 1 1 2 1 1 2 2 1 1 1 8 1 2 1 4 1 4 1 2 2 1 1 2 1 2 1 1
21 2 1 4 1 4 2 6 1 1 1 2 1 3 1 6 1 1 2 1 1 2 3 2 8 1 2 1 4 1 4 1 2 2 1 1 2 1 1 1 2
21 2 1 4 1 5 1 6 1 1 1 2 1 3 1 6 1 1 2 1 1 2 4 1 8 1 2 1 4 1 4 1 2 2 1 1 2 1 1 2 1
21 2 1 4 2 2 1 1 1 2 1 4 1 2 1 10 1 2 4 2 1 1 2 1 3 1 3 1 2 1 1 1 8 1 3 2 3 1 2 1 1
21 2 1 4 3 1 1 1 1 2 1 4 1 2 1 10 1 2 4 4 2 1 3 1 3 1 2 1 1 1 8 1 3 2 6 1 1
21 2 1 5 1 2 1 1 1 2 1 4 1 2 1 10 1 2 5 1 1 1 2 1 3 1 3 1 2 1 1 1 8 1 3 2 1 1 1 1 2 1 1
21 2 1 5 2 1 1 1 1 2 1 4 1 2 1 10 1 2 5 3 2 1 3 1 3 1 2 1 1 1 8 1 3 2 1 1 4 1 1
21 2 1 6 1 1 1 1 1 2 1 4 1 2 1 10 1 2 6 2 2 1 3 1 3 1 2 1 1 1 8 1 3 2 1 2 3 1 1
21 2 1 6 1 1 1 1 1 6 1 1 1 2 1 3 1 6 1 1 2 1 2 2 1 1 1 1 8 1 2 1 4 1 4 1 2 2 1 2 4 1 1
21 2 1 6 1 13 1 1 1 2 1 3 1 2 2 2 4 2 1 1 13 1 2 1 4 1 1 2 1 1 1 3 2 1 1 1 1
21 2 1 6 1 2 2 6 1 1 1 2 1 3 1 6 1 1 2 1 2 2 2 2 8 1 2 1 4 1 4 1 2 2 1 2 3 1 2
21 2 1 6 1 3 1 6 1 1 1 2 1 3 1 6 1 1 2 1 2 2 3 1 8 1 2 1 4 1 4 1 2 2 1 2 3 2 1
21 2 1 6 2 12 1 1 1 2 1 3 1 2 2 2 4 4 13 1 2 1 4 1 1 2 1 1 1 3 4 1 1
21 2 1 6 2 2 1 4 1 4 1 2 1 8 2 2 5 2 1 1 6 1 3 1 2 1 1 1 6 2 2 1 1 2 3 1 2
21 2 1 7 1 12 1 1 1 2 1 3 1 2 2 2 4 1 1 2 13 1 2 1 4 1 1 2 1 1 1 3 1 1 2 1 1
21 2 1 7 1 2 1 4 1 4 1 2 1 8 2 2 6 1 1 1 6 1 3 1 2 1 1 1 6 2 2 1 1 2 1 1 1 1 2
21 2 1 8 1 1 1 2 1 4 1 2 1 10 1 2 7 1 2 1 3 1 3 1 2 1 1 1 8 1 3 2 1 3 2 1 1
21 2 1 8 1 1 1 6 1 1 1 2 1 3 1 6 1 1 2 1 2 1 2 1 1 1 8 1 2 1 4 1 4 1 2 2 1 2 1 1 2 1 1
21 2 1 9 2 6 1 1 1 2 1 3 1 6 1 1 2 1 2 1 3 2 8 1 2 1 4 1 4 1 2 2 1 2 1 1 1 1 2
21 2 2 2 1 2 1 1 1 1 1 6 1 1 1 2 1 3 1 6 1 2 1 2 1 2 1 1 1 1 8 1 2 1 4 1 4 1 3 1 2 1 4 1 1
21 2 2 2 1 2 1 2 2 6 1 1 1 2 1 3 1 6 1 2 1 2 1 2 2 2 8 1 2 1 4 1 4 1 3 1 2 1 3 1 2
21 2 2 2 1 2 1 3 1 6 1 1 1 2 1 3 1 6 1 2 1 2 1 2 3 1 8 1 2 1 4 1 4 1 3 1 2 1 3 2 1
21 2 2 2 1 4 1 1 1 6 1 1 1 2 1 3 1 6 1 2 1 2 1 1 2 1 1 1 8 1 2 1 4 1 4 1 3 1 2 1 1 1 2 1 1
21 2 2 2 1 5 2 6 1 1 1 2 1 3 1 6 1 2 1 2 1 1 3 2 8 1 2 1 4 1 4 1 3 1 2 1 1 1 1 1 2
21 2 2 2 1 6 1 6 1 1 1 2 1 3 1 6 1 2 1 2 1 1 4 1 8 1 2 1 4 1 4 1 3 1 2 1 1 1 1 2 1
21 2 2 2 2 1 1 1 1 1 1 6 1 1 1 2 1 3 1 6 1 2 1 5 1 1 1 1 8 1 2 1 4 1 4 1 3 1 7 1 1
21 2 2 2 2 1 1 2 2 6 1 1 1 2 1 3 1 6 1 2 1 5 2 2 8 1 2 1 4 1 4 1 3 1 6 1 2
21 2 2 2 2 1 1 3 1 6 1 1 1 2 1 3 1 6 1 2 1 5 3 1 8 1 2 1 4 1 4 1 3 1 6 2 1
21 2 2 2 2 3 1 1 1 6 1 1 1 2 1 3 1 6 1 2 1 4 2 1 1 1 8 1 2 1 4 1 4 1 3 1 4 1 2 1 1
21 2 2 2 2 4 2 6 1 1 1 2 1 3 1 6 1 2 1 4 3 2 8 1 2 1 4 1 4 1 3 1 4 1 1 1 2
21 2 2 2 2 5 1 6 1 1 1 2 1 3 1 6 1 2 1 4 4 1 8 1 2 1 4 1 4 1 3 1 4 1 1 2 1
21 2 2 3 1 1 1 1 1 1 1 6 1 1 1 2 1 3 1 6 1 2 1 1 1 3 1 1 1 1 8 1 2 1 4 1 4 1 3 1 1 1 5 1 1
21 2 2 3 1 1 1 2 2 6 1 1 1 2 1 3 1 6 1 2 1 1 1 3 2 2 8 1 2 1 4 1 4 1 3 1 1 1 4 1 2
21 2 2 3 1 1 1 3 1 6 1 1 1 2 1 3 1 6 1 2 1 1 1 3 3 1 8 1 2 1 4 1 4 1 3 1 1 1 4 2 1
21 2 2 3 1 3 1 1 1 6 1 1 1 2 1 3 1 6 1 2 1 1 1 2 2 1 1 1 8 1 2 1 4 1 4 1 3 1 1 1 2 1 2 1 1
21 2 2 3 1 4 2 6 1 1 1 2 1 3 1 6 1 2 1 1 1 2 3 2 8 1 2 1 4 1 4 1 3 1 1 1 2 1 1 1 2
21 2 2 3 1 5 1 6 1 1 1 2 1 3 1 6 1 2 1 1 1 2 4 1 8 1 2 1 4 1 4 1 3 1 1 1 2 1 1 2 1
21 2 2 5 1 1 1 1 1 6 1 1 1 2 1 3 1 6 1 2 1 1 2 2 1 1 1 1 8 1 2 1 4 1 4 1 3 1 1 2 4 1 1
21 2 2 5 1 2 2 6 1 1 1 2 1 3 1 6 1 2 1 1 2 2 2 2 8 1 2 1 4 1 4 1 3 1 1 2 3 1 2
21 2 2 5 1 3 1 6 1 1 1 2 1 3 1 6 1 2 1 1 2 2 3 1 8 1 2 1 4 1 4 1 3 1 1 2 3 2 1
21 2 2 7 1 1 1 6 1 1 1 2 1 3 1 6 1 2 1 1 2 1 2 1 1 1 8 1 2 1 4 1 4 1 3 1 1 2 1 1 2 1 1
21 2 2 8 2 6 1 1 1 2 1 3 1 6 1 2 1 1 2 1 3 2 8 1 2 1 4 1 4 1 3 1 1 2 1 1 1 1 2
21 2 2 9 1 6 1 1 1 2 1 3 1 6 1 2 1 1 2 1 4 1 8 1 2 1 4 1 4 1 3 1 1 2 1 1 1 2 1
21 2 3 1 2 1 1 2 2 6 1 1 1 2 1 3 1 6 1 8 2 2 8 1 2 1 4 1 4 1 10 1 2
21 2 3 1 2 1 1 3 1 6 1 1 1 2 1 3 1 6 1 8 3 1 8 1 2 1 4 1 4 1 10 2 1
21 2 3 2 1 1 1 2 2 6 1 1 1 2 1 3 1 6 1 4 1 3 2 2 8 1 2 1 4 1 4 1 5 1 4 1 2
21 2 3 2 1 1 1 3 1 6 1 1 1 2 1 3 1 6 1 4 1 3 3 1 8 1 2 1 4 1 4 1 5 1 4 2 1
21 3 1 1 1 1 1 2 1 2 1 7 1 1 1 2 1 3 1 4 1 1 1 1 1 3 1 2 2 1 9 1 2 1 4 1 3 2 2 1 3 1 3 1 1
21 3 1 1 1 1 1 5 1 7 1 1 1 2 1 3 1 4 1 1 1 1 1 3 1 1 3 1 9 1 2 1 4 1 3 2 2 1 3 1 1 1 1 1 1
21 3 1 1 1 1 2 1 1 2 1 7 1 1 1 2 1 3 1 4 1 1 1 1 1 6 2 1 9 1 2 1 4 1 3 2 2 1 7 1 1
21 3 1 1 1 1 2 4 1 7 1 1 1 2 1 3 1 4 1 1 1 1 1 5 3 1 9 1 2 1 4 1 3 2 2 1 5 1 1 1 1
21 3 1 1 1 2 1 1 1 2 1 7 1 1 1 2 1 3 1 4 1 1 1 1 1 2 1 3 2 1 9 1 2 1 4 1 3 2 2 1 2 1 4 1 1
21 3 1 1 1 2 1 4 1 7 1 1 1 2 1 3 1 4 1 1 1 1 1 2 1 2 3 1 9 1 2 1 4 1 3 2 2 1 2 1 2 1 1 1 1
21 3 1 1 1 3 1 2 2 3 1 4 1 2 1 9 2 2 1 1 3 1 1 1 1 1 4 1 3 1 2 1 1 1 7 2 4 1 1 1 1 1 3
21 3 1 1 1 4 1 2 1 7 1 1 1 2 1 3 1 4 1 1 1 1 1 2 2 2 2 1 9 1 2 1 4 1 3 2 2 1 2 2 3 1 1
21 3 1 1 1 7 1 7 1 1 1 2 1 3 1 4 1 1 1 1 1 2 2 1 3 1 9 1 2 1 4 1 3 2 2 1 2 2 1 1 1 1 1
21 3 1 1 2 2 1 2 2 3 1 4 1 2 1 9 2 2 1 2 2 1 1 1 1 1 4 1 3 1 2 1 1 1 7 2 6 1 1 1 3
21 3 1 2 1 1 1 1 1 1 2 1 1 4 1 2 1 12 2 1 2 1 1 2 2 2 2 1 3 1 2 1 1 1 10 1 2 1 2 1 3 1 2
21 3 1 2 1 1 1 1 1 2 1 1 1 4 1 2 1 12 2 1 2 1 1 2 3 1 2 1 3 1 2 1 1 1 10 1 2 1 2 1 3 2 1
21 3 1 2 1 1 1 1 2 1 1 1 1 4 1 2 1 12 2 1 2 1 1 2 1 1 1 1 2 1 3 1 2 1 1 1 10 1 2 1 2 1 4 1 1
21 3 1 2 1 2 1 1 1 1 1 6 1 1 1 2 1 3 1 6 2 1 1 2 1 2 1 1 1 1 8 1 2 1 4 1 4 1 1 1 1 1 2 1 4 1 1
21 3 1 2 1 2 1 2 2 3 1 4 1 2 1 9 2 2 2 1 2 1 1 1 1 1 4 1 3 1 2 1 1 1 7 2 3 1 2 1 1 1 3
21 3 1 2 1 2 1 2 2 6 1 1 1 2 1 3 1 6 2 1 1 2 1 2 2 2 8 1 2 1 4 1 4 1 1 1 1 1 2 1 3 1 2
21 3 1 2 1 2 1 3 1 6 1 1 1 2 1 3 1 6 2 1 1 2 1 2 3 1 8 1 2 1 4 1 4 1 1 1 1 1 2 1 3 2 1
21 3 1 2 1 3 1 1 2 1 1 4 1 2 1 12 2 1 2 1 2 1 2 2 2 1 3 1 2 1 1 1 10 1 2 1 2 2 2 1 2
21 3 1 2 1 3 1 2 1 1 1 4 1 2 1 12 2 1 2 1 2 1 3 1 2 1 3 1 2 1 1 1 10 1 2 1 2 2 2 2 1
21 3 1 2 1 3 2 1 1 1 1 4 1 2 1 12 2 1 2 1 2 1 1 1 1 1 2 1 3 1 2 1 1 1 10 1 2 1 2 2 3 1 1
21 3 1 2 1 4 1 1 1 6 1 1 1 2 1 3 1 6 2 1 1 2 1 1 2 1 1 1 8 1 2 1 4 1 4 1 1 1 1 1 2 1 1 1 2 1 1
21 3 1 2 1 5 2 6 1 1 1 2 1 3 1 6 2 1 1 2 1 1 3 2 8 1 2 1 4 1 4 1 1 1 1 1 2 1 1 1 1 1 2
21 3 1 2 1 6 1 6 1 1 1 2 1 3 1 6 2 1 1 2 1 1 4 1 8 1 2 1 4 1 4 1 1 1 1 1 2 1 1 1 1 2 1
21 3 1 2 2 1 1 1 1 1 1 6 1 1 1 2 1 3 1 6 2 1 1 5 1 1 1 1 8 1 2 1 4 1 4 1 1 1 1 1 7 1 1
21 3 1 2 2 1 1 2 2 6 1 1 1 2 1 3 1 6 2 1 1 5 2 2 8 1 2 1 4 1 4 1 1 1 1 1 6 1 2
21 3 1 2 2 1 1 3 1 6 1 1 1 2 1 3 1 6 2 1 1 5 3 1 8 1 2 1 4 1 4 1 1 1 1 1 6 2 1
21 3 1 2 2 2 1 1 2 1 1 4 1 2 1 12 2 1 2 2 1 1 2 2 2 1 3 1 2 1 1 1 10 1 2 1 3 1 2 1 2
21 3 1 2 2 2 1 2 1 1 1 4 1 2 1 12 2 1 2 2 1 1 3 1 2 1 3 1 2 1 1 1 10 1 2 1 3 1 2 2 1
21 3 1 2 2 2 2 1 1 1 1 4 1 2 1 12 2 1 2 2 1 1 1 1 1 1 2 1 3 1 2 1 1 1 10 1 2 1 3 1 3 1 1
21 3 1 2 2 3 1 1 1 6 1 1 1 2 1 3 1 6 2 1 1 4 2 1 1 1 8 1 2 1 4 1 4 1 1 1 1 1 4 1 2 1 1
21 3 1 2 2 4 2 6 1 1 1 2 1 3 1 6 2 1 1 4 3 2 8 1 2 1 4 1 4 1 1 1 1 1 4 1 1 1 2
21 3 1 2 2 5 1 6 1 1 1 2 1 3 1 6 2 1 1 4 4 1 8 1 2 1 4 1 4 1 1 1 1 1 4 1 1 2 1
21 3 1 2 3 1 1 1 2 1 1 4 1 2 1 12 2 1 2 4 2 2 2 1 3 1 2 1 1 1 10 1 2 1 6 1 2
21 3 1 2 3 1 1 2 1 1 1 4 1 2 1 12 2 1 2 4 3 1 2 1 3 1 2 1 1 1 10 1 2 1 6 2 1
21 3 1 2 3 1 2 1 1 1 1 4 1 2 1 12 2 1 2 4 1 1 1 1 2 1 3 1 2 1 1 1 10 1 2 1 7 1 1
21 3 1 3 1 1 1 1 1 1 1 6 1 1 1 2 1 3 1 6 2 1 1 1 1 3 1 1 1 1 8 1 2 1 4 1 4 1 1 1 1 1 1 1 5 1 1
21 3 1 3 1 1 1 2 2 6 1 1 1 2 1 3 1 6 2 1 1 1 1 3 2 2 8 1 2 1 4 1 4 1 1 1 1 1 1 1 4 1 2
21 3 1 3 1 1 1 3 1 6 1 1 1 2 1 3 1 6 2 1 1 1 1 3 3 1 8 1 2 1 4 1 4 1 1 1 1 1 1 1 4 2 1
21 3 1 3 1 2 1 1 2 1 1 4 1 2 1 12 2 1 3 1 1 1 2 2 2 1 3 1 2 1 1 1 10 1 2 1 1 1 1 1 2 1 2
21 3 1 3 1 2 1 2 1 1 1 4 1 2 1 12 2 1 3 1 1 1 3 1 2 1 3 1 2 1 1 1 10 1 2 1 1 1 1 1 2 2 1
21 3 1 3 1 2 1 2 1 7 1 1 1 2 1 3 1 4 1 1 1 1 2 2 1 2 2 1 9 1 2 1 4 1 3 2 2 2 2 1 3 1 1
21 3 1 3 1 2 2 1 1 1 1 4 1 2 1 12 2 1 3 1 1 1 1 1 1 1 2 1 3 1 2 1 1 1 10 1 2 1 1 1 1 1 3 1 1
21 3 1 3 1 3 1 1 1 6 1 1 1 2 1 3 1 6 2 1 1 1 1 2 2 1 1 1 8 1 2 1 4 1 4 1 1 1 1 1 1 1 2 1 2 1 1
21 3 1 3 1 4 2 6 1 1 1 2 1 3 1 6 2 1 1 1 1 2 3 2 8 1 2 1 4 1 4 1 1 1 1 1 1 1 2 1 1 1 2
21 3 1 3 1 4 2 7 1 1 1 2 1 3 1 4 1 1 1 1 2 2 1 1 2 2 9 1 2 1 4 1 3 2 2 2 2 1 1 1 3
21 3 1 3 1 5 1 6 1 1 1 2 1 3 1 6 2 1 1 1 1 2 4 1 8 1 2 1 4 1 4 1 1 1 1 1 1 1 2 1 1 2 1
21 3 1 3 1 5 1 7 1 1 1 2 1 3 1 4 1 1 1 1 2 2 1 1 3 1 9 1 2 1 4 1 3 2 2 2 2 1 1 1 1 1 1
21 3 1 3 2 1 1 1 2 1 1 4 1 2 1 12 2 1 3 3 2 2 2 1 3 1 2 1 1 1 10 1 2 1 1 1 4 1 2
21 3 1 3 2 1 1 2 1 1 1 4 1 2 1 12 2 1 3 3 3 1 2 1 3 1 2 1 1 1 10 1 2 1 1 1 4 2 1
21 3 1 3 2 1 1 2 1 7 1 1 1 2 1 3 1 4 1 1 1 1 2 5 2 1 9 1 2 1 4 1 3 2 2 2 6 1 1
21 3 1 3 2 1 2 1 1 1 1 4 1 2 1 12 2 1 3 3 1 1 1 1 2 1 3 1 2 1 1 1 10 1 2 1 1 1 5 1 1
21 3 1 3 2 4 1 7 1 1 1 2 1 3 1 4 1 1 1 1 2 4 3 1 9 1 2 1 4 1 3 2 2 2 4 1 1 1 1
21 3 1 4 1 1 1 1 2 1 1 4 1 2 1 12 2 1 4 2 2 2 2 1 3 1 2 1 1 1 10 1 2 1 1 2 3 1 2
21 3 1 4 1 1 1 2 1 1 1 4 1 2 1 12 2 1 4 2 3 1 2 1 3 1 2 1 1 1 10 1 2 1 1 2 3 2 1
21 3 1 4 1 1 1 2 1 7 1 1 1 2 1 3 1 4 1 1 1 1 2 1 1 3 2 1 9 1 2 1 4 1 3 2 2 2 1 1 4 1 1
21 3 1 4 1 1 2 1 1 1 1 4 1 2 1 12 2 1 4 2 1 1 1 1 2 1 3 1 2 1 1 1 10 1 2 1 1 2 4 1 1
21 3 1 4 1 3 2 7 1 1 1 2 1 3 1 4 1 1 1 1 2 1 1 2 2 2 9 1 2 1 4 1 3 2 2 2 1 1 2 1 3
21 3 1 4 1 4 1 7 1 1 1 2 1 3 1 4 1 1 1 1 2 1 1 2 3 1 9 1 2 1 4 1 3 2 2 2 1 1 2 1 1 1 1
21 3 1 4 2 2 2 3 1 4 1 2 1 9 2 2 4 2 1 1 1 1 4 1 3 1 2 1 1 1 7 2 3 2 3 1 3
21 3 1 5 1 1 1 1 1 6 1 1 1 2 1 3 1 6 2 1 1 1 2 2 1 1 1 1 8 1 2 1 4 1 4 1 1 1 1 1 1 2 4 1 1
21 3 1 5 1 2 2 3 1 4 1 2 1 9 2 2 5 1 1 1 1 1 4 1 3 1 2 1 1 1 7 2 3 2 1 1 1 1 3
21 3 1 5 1 2 2 6 1 1 1 2 1 3 1 6 2 1 1 1 2 2 2 2 8 1 2 1 4 1 4 1 1 1 1 1 1 2 3 1 2
21 3 1 5 1 3 1 6 1 1 1 2 1 3 1 6 2 1 1 1 2 2 3 1 8 1 2 1 4 1 4 1 1 1 1 1 1 2 3 2 1
21 3 1 6 1 1 2 1 1 4 1 2 1 12 2 1 5 1 2 2 2 1 3 1 2 1 1 1 10 1 2 1 1 3 2 1 2
21 3 1 6 1 2 1 1 1 4 1 2 1 12 2 1 5 1 3 1 2 1 3 1 2 1 1 1 10 1 2 1 1 3 2 2 1
21 3 1 6 1 2 1 7 1 1 1 2 1 3 1 4 1 1 1 1 2 1 2 2 2 1 9 1 2 1 4 1 3 2 2 2 1 2 3 1 1
21 3 1 6 2 1 1 1 1 4 1 2 1 12 2 1 5 1 1 1 1 1 2 1 3 1 2 1 1 1 10 1 2 1 1 3 3 1 1
21 3 1 7 1 1 1 6 1 1 1 2 1 3 1 6 2 1 1 1 2 1 2 1 1 1 8 1 2 1 4 1 4 1 1 1 1 1 1 2 1 1 2 1 1
21 3 1 8 2 6 1 1 1 2 1 3 1 6 2 1 1 1 2 1 3 2 8 1 2 1 4 1 4 1 1 1 1 1 1 2 1 1 1 1 2
21 3 1 8 2 7 1 1 1 2 1 3 1 4 1 1 1 1 2 1 2 1 2 2 9 1 2 1 4 1 3 2 2 2 1 2 1 1 3
21 3 1 9 1 6 1 1 1 2 1 3 1 6 2 1 1 1 2 1 4 1 8 1 2 1 4 1 4 1 1 1 1 1 1 2 1 1 1 2 1
21 3 1 9 1 7 1 1 1 2 1 3 1 4 1 1 1 1 2 1 2 1 3 1 9 1 2 1 4 1 3 2 2 2 1 2 1 1 1 1 1
21 3 2 1 1 1 1 1 1 1 2 1 1 4 1 2 1 12 2 2 1 1 1 2 2 2 2 1 3 1 2 1 1 1 10 1 5 1 3 1 2
21 3 2 1 1 1 1 1 1 2 1 1 1 4 1 2 1 12 2 2 1 1 1 2 3 1 2 1 3 1 2 1 1 1 10 1 5 1 3 2 1
21 3 2 1 1 1 1 1 2 1 1 1 1 4 1 2 1 12 2 2 1 1 1 2 1 1 1 1 2 1 3 1 2 1 1 1 10 1 5 1 4 1 1
21 3 2 1 1 2 1 1 1 1 1 6 1 1 1 2 1 3 1 6 2 4 1 2 1 1 1 1 8 1 2 1 4 1 4 1 1 1 4 1 4 1 1
21 3 2 1 1 2 1 2 2 6 1 1 1 2 1 3 1 6 2 4 1 2 2 2 8 1 2 1 4 1 4 1 1 1 4 1 3 1 2
21 3 2 1 1 2 1 3 1 6 1 1 1 2 1 3 1 6 2 4 1 2 3 1 8 1 2 1 4 1 4 1 1 1 4 1 3 2 1
21 3 2 1 1 3 1 1 2 1 1 4 1 2 1 12 2 2 1 1 2 1 2 2 2 1 3 1 2 1 1 1 10 1 5 2 2 1 2
21 3 2 1 1 3 1 2 1 1 1 4 1 2 1 12 2 2 1 1 2 1 3 1 2 1 3 1 2 1 1 1 10 1 5 2 2 2 1
21 3 2 1 1 3 2 1 1 1 1 4 1 2 1 12 2 2 1 1 2 1 1 1 1 1 2 1 3 1 2 1 1 1 10 1 5 2 3 1 1
21 3 2 1 2 1 1 1 1 1 1 6 1 1 1 2 1 3 1 6 2 7 1 1 1 1 8 1 2 1 4 1 4 1 1 1 9 1 1
21 3 2 1 2 1 1 2 2 6 1 1 1 2 1 3 1 6 2 7 2 2 8 1 2 1 4 1 4 1 1 1 8 1 2
21 3 2 1 2 1 1 3 1 6 1 1 1 2 1 3 1 6 2 7 3 1 8 1 2 1 4 1 4 1 1 1 8 2 1
21 3 2 1 2 2 1 1 2 1 1 4 1 2 1 12 2 2 1 2 1 1 2 2 2 1 3 1 2 1 1 1 10 1 6 1 2 1 2
21 3 2 1 2 2 1 2 1 1 1 4 1 2 1 12 2 2 1 2 1 1 3 1 2 1 3 1 2 1 1 1 10 1 6 1 2 2 1
21 3 2 1 2 2 2 1 1 1 1 4 1 2 1 12 2 2 1 2 1 1 1 1 1 1 2 1 3 1 2 1 1 1 10 1 6 1 3 1 1
21 3 2 1 3 1 1 1 2 1 1 4 1 2 1 12 2 2 1 4 2 2 2 1 3 1 2 1 1 1 10 1 9 1 2
21 3 2 1 3 1 1 2 1 1 1 4 1 2 1 12 2 2 1 4 3 1 2 1 3 1 2 1 1 1 10 1 9 2 1
21 3 2 1 3 1 2 1 1 1 1 4 1 2 1 12 2 2 1 4 1 1 1 1 2 1 3 1 2 1 1 1 10 1 10 1 1
21 3 2 2 1 1 1 1 1 1 1 6 1 1 1 2 1 3 1 6 2 3 1 3 1 1 1 1 8 1 2 1 4 1 4 1 1 1 3 1 5 1 1
21 3 2 2 1 1 1 2 2 6 1 1 1 2 1 3 1 6 2 3 1 3 2 2 8 1 2 1 4 1 4 1 1 1 3 1 4 1 2
21 3 2 2 1 1 1 3 1 6 1 1 1 2 1 3 1 6 2 3 1 3 3 1 8 1 2 1 4 1 4 1 1 1 3 1 4 2 1
21 3 2 2 1 2 1 1 2 1 1 4 1 2 1 12 2 2 2 1 1 1 2 2 2 1 3 1 2 1 1 1 10 1 4 1 1 1 2 1 2
21 3 2 2 1 2 1 2 1 1 1 4 1 2 1 12 2 2 2 1 1 1 3 1 2 1 3 1 2 1 1 1 10 1 4 1 1 1 2 2 1
21 3 2 2 1 2 2 1 1 1 1 4 1 2 1 12 2 2 2 1 1 1 1 1 1 1 2 1 3 1 2 1 1 1 10 1 4 1 1 1 3 1 1
21 3 2 2 2 1 1 1 2 1 1 4 1 2 1 12 2 2 2 3 2 2 2 1 3 1 2 1 1 1 10 1 4 1 4 1 2
21 3 2 2 2 1 1 2 1 1 1 4 1 2 1 12 2 2 2 3 3 1 2 1 3 1 2 1 1 1 10 1 4 1 4 2 1
21 3 2 2 2 1 1 2 1 7 1 1 1 2 1 3 1 4 1 1 1 2 1 5 2 1 9 1 2 1 4 1 3 2 3 1 6 1 1
21 3 2 2 2 1 2 1 1 1 1 4 1 2 1 12 2 2 2 3 1 1 1 1 2 1 3 1 2 1 1 1 10 1 4 1 5 1 1
21 3 2 2 2 3 2 7 1 1 1 2 1 3 1 4 1 1 1 2 1 4 2 2 9 1 2 1 4 1 3 2 3 1 4 1 3
21 3 2 2 2 4 1 7 1 1 1 2 1 3 1 4 1 1 1 2 1 4 3 1 9 1 2 1 4 1 3 2 3 1 4 1 1 1 1
21 3 2 3 1 1 1 1 2 1 1 4 1 2 1 12 2 2 3 2 2 2 2 1 3 1 2 1 1 1 10 1 4 2 3 1 2
21 3 2 3 1 1 1 2 1 1 1 4 1 2 1 12 2 2 3 2 3 1 2 1 3 1 2 1 1 1 10 1 4 2 3 2 1
21 3 2 3 1 1 1 2 1 7 1 1 1 2 1 3 1 4 1 1 1 2 1 1 1 3 2 1 9 1 2 1 4 1 3 2 3 1 1 1 4 1 1
21 3 2 3 1 1 2 1 1 1 1 4 1 2 1 12 2 2 3 2 1 1 1 1 2 1 3 1 2 1 1 1 10 1 4 2 4 1 1
21 3 2 3 1 3 2 7 1 1 1 2 1 3 1 4 1 1 1 2 1 1 1 2 2 2 9 1 2 1 4 1 3 2 3 1 1 1 2 1 3
21 3 2 3 1 4 1 7 1 1 1 2 1 3 1 4 1 1 1 2 1 1 1 2 3 1 9 1 2 1 4 1 3 2 3 1 1 1 2 1 1 1 1
21 3 2 4 1 1 1 1 1 6 1 1 1 2 1 3 1 6 2 3 2 2 1 1 1 1 8 1 2 1 4 1 4 1 1 1 3 2 4 1 1
21 3 2 4 1 2 2 6 1 1 1 2 1 3 1 6 2 3 2 2 2 2 8 1 2 1 4 1 4 1 1 1 3 2 3 1 2
21 3 2 4 1 3 1 6 1 1 1 2 1 3 1 6 2 3 2 2 3 1 8 1 2 1 4 1 4 1 1 1 3 2 3 2 1
21 3 2 5 1 1 2 1 1 4 1 2 1 12 2 2 4 1 2 2 2 1 3 1 2 1 1 1 10 1 4 3 2 1 2
21 3 2 5 1 2 1 1 1 4 1 2 1 12 2 2 4 1 3 1 2 1 3 1 2 1 1 1 10 1 4 3 2 2 1
21 3 2 5 2 1 1 1 1 4 1 2 1 12 2 2 4 1 1 1 1 1 2 1 3 1 2 1 1 1 10 1 4 3 3 1 1
21 3 3 1 1 4 2 7 1 1 1 2 1 3 1 4 1 1 1 5 1 1 2 2 9 1 2 1 4 1 3 2 6 1 1 1 3
21 3 3 1 1 5 1 7 1 1 1 2 1 3 1 4 1 1 1 5 1 1 3 1 9 1 2 1 4 1 3 2 6 1 1 1 1 1 1
21 3 3 1 2 1 1 2 1 7 1 1 1 2 1 3 1 4 1 1 1 8 2 1 9 1 2 1 4 1 3 2 10 1 1
21 3 3 1 2 3 2 7 1 1 1 2 1 3 1 4 1 1 1 7 2 2 9 1 2 1 4 1 3 2 8 1 3
21 3 3 1 2 4 1 7 1 1 1 2 1 3 1 4 1 1 1 7 3 1 9 1 2 1 4 1 3 2 8 1 1 1 1
21 3 3 2 1 1 1 2 1 7 1 1 1 2 1 3 1 4 1 1 1 4 1 3 2 1 9 1 2 1 4 1 3 2 5 1 4 1 1
21 3 3 2 1 3 2 7 1 1 1 2 1 3 1 4 1 1 1 4 1 2 2 2 9 1 2 1 4 1 3 2 5 1 2 1 3
21 3 3 2 1 4 1 7 1 1 1 2 1 3 1 4 1 1 1 4 1 2 3 1 9 1 2 1 4 1 3 2 5 1 2 1 1 1 1
21 4 1 1 1 1 1 1 1 1 2 1 1 4 1 2 1 12 3 1 1 1 1 2 2 2 2 1 3 1 2 1 1 1 10 1 1 1 3 1 3 1 2
21 4 1 1 1 1 1 1 1 2 1 1 1 4 1 2 1 12 3 1 1 1 1 2 3 1 2 1 3 1 2 1 1 1 10 1 1 1 3 1 3 2 1
21 4 1 1 1 1 1 1 2 1 1 1 1 4 1 2 1 12 3 1 1 1 1 2 1 1 1 1 2 1 3 1 2 1 1 1 10 1 1 1 3 1 4 1 1
21 4 1 1 1 1 1 4 1 8 1 1 1 2 1 3 1 3 2 1 1 1 1 3 1 1 2 1 10 1 2 1 4 1 2 3 2 1 3 1 1 1 2
21 4 1 1 1 1 2 3 1 8 1 1 1 2 1 3 1 3 2 1 1 1 1 5 2 1 10 1 2 1 4 1 2 3 2 1 5 1 2
21 4 1 1 1 2 1 1 1 1 1 4 1 4 1 2 1 8 3 2 1 1 2 1 1 2 6 1 3 1 2 1 1 1 6 3 4 1 2 1 3
21 4 1 1 1 2 1 1 1 1 1 6 1 1 1 2 1 3 1 6 3 3 1 2 1 1 1 1 8 1 2 1 4 1 4 1 1 2 3 1 4 1 1
21 4 1 1 1 2 1 2 2 6 1 1 1 2 1 3 1 6 3 3 1 2 2 2 8 1 2 1 4 1 4 1 1 2 3 1 3 1 2
21 4 1 1 1 2 1 3 1 4 1 4 1 2 1 8 3 2 1 1 2 1 2 1 6 1 3 1 2 1 1 1 6 3 4 1 2 2 2
21 4 1 1 1 2 1 3 1 6 1 1 1 2 1 3 1 6 3 3 1 2 3 1 8 1 2 1 4 1 4 1 1 2 3 1 3 2 1
21 4 1 1 1 2 1 3 1 8 1 1 1 2 1 3 1 3 2 1 1 1 1 2 1 2 2 1 10 1 2 1 4 1 2 3 2 1 2 1 2 1 2
21 4 1 1 1 2 2 2 1 4 1 4 1 2 1 8 3 2 1 1 2 2 1 1 6 1 3 1 2 1 1 1 6 3 4 1 3 1 2
21 4 1 1 1 3 1 1 2 1 1 4 1 2 1 12 3 1 1 1 2 1 2 2 2 1 3 1 2 1 1 1 10 1 1 1 3 2 2 1 2
21 4 1 1 1 3 1 2 1 1 1 4 1 2 1 12 3 1 1 1 2 1 3 1 2 1 3 1 2 1 1 1 10 1 1 1 3 2 2 2 1
21 4 1 1 1 3 2 1 1 1 1 4 1 2 1 12 3 1 1 1 2 1 1 1 1 1 2 1 3 1 2 1 1 1 10 1 1 1 3 2 3 1 1
21 4 1 1 2 1 1 1 1 1 1 4 1 4 1 2 1 8 3 2 1 2 1 1 1 2 6 1 3 1 2 1 1 1 6 3 7 1 3
21 4 1 1 2 1 1 1 1 1 1 6 1 1 1 2 1 3 1 6 3 6 1 1 1 1 8 1 2 1 4 1 4 1 1 2 8 1 1
21 4 1 1 2 1 1 2 2 6 1 1 1 2 1 3 1 6 3 6 2 2 8 1 2 1 4 1 4 1 1 2 7 1 2
21 4 1 1 2 1 1 3 1 4 1 4 1 2 1 8 3 2 1 2 1 1 2 1 6 1 3 1 2 1 1 1 6 3 7 2 2
21 4 1 1 2 1 1 3 1 6 1 1 1 2 1 3 1 6 3 6 3 1 8 1 2 1 4 1 4 1 1 2 7 2 1
21 4 1 1 2 1 2 2 1 4 1 4 1 2 1 8 3 2 1 2 1 2 1 1 6 1 3 1 2 1 1 1 6 3 8 1 2
21 4 1 1 2 2 1 1 2 1 1 4 1 2 1 12 3 1 1 2 1 1 2 2 2 1 3 1 2 1 1 1 10 1 1 1 4 1 2 1 2
21 4 1 1 2 2 1 2 1 1 1 4 1 2 1 12 3 1 1 2 1 1 3 1 2 1 3 1 2 1 1 1 10 1 1 1 4 1 2 2 1
21 4 1 1 2 2 2 1 1 1 1 4 1 2 1 12 3 1 1 2 1 1 1 1 1 1 2 1 3 1 2 1 1 1 10 1 1 1 4 1 3 1 1
21 4 1 1 3 1 1 1 2 1 1 4 1 2 1 12 3 1 1 4 2 2 2 1 3 1 2 1 1 1 10 1 1 1 7 1 2
21 4 1 1 3 1 1 2 1 1 1 4 1 2 1 12 3 1 1 4 3 1 2 1 3 1 2 1 1 1 10 1 1 1 7 2 1
21 4 1 1 3 1 2 1 1 1 1 4 1 2 1 12 3 1 1 4 1 1 1 1 2 1 3 1 2 1 1 1 10 1 1 1 8 1 1
21 4 1 2 1 1 1 1 1 1 1 2 1 4 1 2 1 10 1 1 2 1 2 1 1 2 2 1 3 1 3 1 2 1 1 1 8 1 1 1 2 1 2 1 3 1 1
21 4 1 2 1 1 1 1 1 1 1 4 1 4 1 2 1 8 3 2 2 1 1 1 1 2 6 1 3 1 2 1 1 1 6 3 3 1 3 1 3
21 4 1 2 1 1 1 1 1 1 1 6 1 1 1 2 1 3 1 6 3 2 1 3 1 1 1 1 8 1 2 1 4 1 4 1 1 2 2 1 5 1 1
21 4 1 2 1 1 1 2 2 6 1 1 1 2 1 3 1 6 3 2 1 3 2 2 8 1 2 1 4 1 4 1 1 2 2 1 4 1 2
21 4 1 2 1 1 1 3 1 4 1 4 1 2 1 8 3 2 2 1 1 1 2 1 6 1 3 1 2 1 1 1 6 3 3 1 3 2 2
21 4 1 2 1 1 1 3 1 6 1 1 1 2 1 3 1 6 3 2 1 3 3 1 8 1 2 1 4 1 4 1 1 2 2 1 4 2 1
21 4 1 2 1 1 2 2 1 4 1 4 1 2 1 8 3 2 2 1 1 2 1 1 6 1 3 1 2 1 1 1 6 3 3 1 4 1 2
21 4 1 2 1 2 1 1 2 1 1 4 1 2 1 12 3 1 2 1 1 1 2 2 2 1 3 1 2 1 1 1 10 1 1 1 2 1 1 1 2 1 2
21 4 1 2 1 2 1 2 1 1 1 4 1 2 1 12 3 1 2 1 1 1 3 1 2 1 3 1 2 1 1 1 10 1 1 1 2 1 1 1 2 2 1
21 4 1 2 1 2 2 1 1 1 1 4 1 2 1 12 3 1 2 1 1 1 1 1 1 1 2 1 3 1 2 1 1 1 10 1 1 1 2 1 1 1 3 1 1
21 4 1 2 2 1 1 1 2 1 1 4 1 2 1 12 3 1 2 3 2 2 2 1 3 1 2 1 1 1 10 1 1 1 2 1 4 1 2
21 4 1 2 2 1 1 2 1 1 1 4 1 2 1 12 3 1 2 3 3 1 2 1 3 1 2 1 1 1 10 1 1 1 2 1 4 2 1
21 4 1 2 2 1 1 2 1 7 1 1 1 2 1 3 1 4 1 1 2 1 1 5 2 1 9 1 2 1 4 1 3 2 1 1 1 1 6 1 1
21 4 1 2 2 1 2 1 1 1 1 4 1 2 1 12 3 1 2 3 1 1 1 1 2 1 3 1 2 1 1 1 10 1 1 1 2 1 5 1 1
21 4 1 2 2 3 2 7 1 1 1 2 1 3 1 4 1 1 2 1 1 4 2 2 9 1 2 1 4 1 3 2 1 1 1 1 4 1 3
21 4 1 2 2 4 1 7 1 1 1 2 1 3 1 4 1 1 2 1 1 4 3 1 9 1 2 1 4 1 3 2 1 1 1 1 4 1 1 1 1
21 4 1 3 1 1 1 1 2 1 1 4 1 2 1 12 3 1 3 2 2 2 2 1 3 1 2 1 1 1 10 1 1 1 2 2 3 1 2
21 4 1 3 1 1 1 2 1 1 1 4 1 2 1 12 3 1 3 2 3 1 2 1 3 1 2 1 1 1 10 1 1 1 2 2 3 2 1
21 4 1 3 1 1 1 2 1 7 1 1 1 2 1 3 1 4 1 1 2 1 1 1 1 3 2 1 9 1 2 1 4 1 3 2 1 1 1 1 1 1 4 1 1
21 4 1 3 1 1 2 1 1 1 1 4 1 2 1 12 3 1 3 2 1 1 1 1 2 1 3 1 2 1 1 1 10 1 1 1 2 2 4 1 1
21 4 1 3 1 2 1 1 1 2 1 4 1 2 1 10 1 1 2 1 3 1 1 1 2 1 3 1 3 1 2 1 1 1 8 1 1 1 2 1 1 1 1 1 2 1 1
21 4 1 3 1 2 1 1 1 8 1 1 1 2 1 3 1 3 2 1 1 1 2 2 1 2 1 1 10 1 2 1 4 1 2 3 2 2 2 1 4
21 4 1 3 1 2 3 2 1 4 1 2 1 10 1 1 2 1 3 1 1 1 1 2 3 1 3 1 2 1 1 1 8 1 1 1 2 1 1 1 1 1 4
21 4 1 3 1 3 2 7 1 1 1 2 1 3 1 4 1 1 2 1 1 1 1 2 2 2 9 1 2 1 4 1 3 2 1 1 1 1 1 1 2 1 3
21 4 1 3 1 4 1 7 1 1 1 2 1 3 1 4 1 1 2 1 1 1 1 2 3 1 9 1 2 1 4 1 3 2 1 1 1 1 1 1 2 1 1 1 1
21 4 1 3 1 4 1 8 1 1 1 2 1 3 1 3 2 1 1 1 2 2 1 1 2 1 10 1 2 1 4 1 2 3 2 2 2 1 1 1 2
21 4 1 3 2 3 1 8 1 1 1 2 1 3 1 3 2 1 1 1 2 4 2 1 10 1 2 1 4 1 2 3 2 2 4 1 2
21 4 1 4 1 1 1 1 1 4 1 4 1 2 1 8 3 2 4 1 1 2 6 1 3 1 2 1 1 1 6 3 3 2 2 1 3
21 4 1 4 1 1 1 1 1 6 1 1 1 2 1 3 1 6 3 2 2 2 1 1 1 1 8 1 2 1 4 1 4 1 1 2 2 2 4 1 1
21 4 1 4 1 2 2 6 1 1 1 2 1 3 1 6 3 2 2 2 2 2 8 1 2 1 4 1 4 1 1 2 2 2 3 1 2
21 4 1 4 1 3 1 4 1 4 1 2 1 8 3 2 4 1 2 1 6 1 3 1 2 1 1 1 6 3 3 2 2 2 2
21 4 1 4 1 3 1 6 1 1 1 2 1 3 1 6 3 2 2 2 3 1 8 1 2 1 4 1 4 1 1 2 2 2 3 2 1
21 4 1 4 1 3 1 8 1 1 1 2 1 3 1 3 2 1 1 1 2 1 1 2 2 1 10 1 2 1 4 1 2 3 2 2 1 1 2 1 2
21 4 1 4 2 2 1 4 1 4 1 2 1 8 3 2 4 2 1 1 6 1 3 1 2 1 1 1 6 3 3 2 3 1 2
21 4 1 5 1 1 2 1 1 4 1 2 1 12 3 1 4 1 2 2 2 1 3 1 2 1 1 1 10 1 1 1 2 3 2 1 2
21 4 1 5 1 2 1 1 1 4 1 2 1 12 3 1 4 1 3 1 2 1 3 1 2 1 1 1 10 1 1 1 2 3 2 2 1
21 4 1 5 2 1 1 1 1 4 1 2 1 12 3 1 4 1 1 1 1 1 2 1 3 1 2 1 1 1 10 1 1 1 2 3 3 1 1
21 4 2 1 1 4 2 7 1 1 1 2 1 3 1 4 1 1 2 4 1 1 2 2 9 1 2 1 4 1 3 2 1 1 4 1 1 1 3
21 4 2 1 1 5 1 7 1 1 1 2 1 3 1 4 1 1 2 4 1 1 3 1 9 1 2 1 4 1 3 2 1 1 4 1 1 1 1 1 1
21 4 2 1 2 1 1 2 1 7 1 1 1 2 1 3 1 4 1 1 2 7 2 1 9 1 2 1 4 1 3 2 1 1 8 1 1
21 4 2 1 2 3 2 7 1 1 1 2 1 3 1 4 1 1 2 6 2 2 9 1 2 1 4 1 3 2 1 1 6 1 3
21 4 2 1 2 4 1 7 1 1 1 2 1 3 1 4 1 1 2 6 3 1 9 1 2 1 4 1 3 2 1 1 6 1 1 1 1
21 4 2 2 1 1 1 2 1 7 1 1 1 2 1 3 1 4 1 1 2 3 1 3 2 1 9 1 2 1 4 1 3 2 1 1 3 1 4 1 1
21 4 2 2 1 2 1 1 1 8 1 1 1 2 1 3 1 3 2 1 1 2 1 2 1 2 1 1 10 1 2 1 4 1 2 3 3 1 2 1 4
21 4 2 2 1 3 2 7 1 1 1 2 1 3 1 4 1 1 2 3 1 2 2 2 9 1 2 1 4 1 3 2 1 1 3 1 2 1 3
21 4 2 2 1 4 1 7 1 1 1 2 1 3 1 4 1 1 2 3 1 2 3 1 9 1 2 1 4 1 3 2 1 1 3 1 2 1 1 1 1
21 4 2 2 1 4 1 8 1 1 1 2 1 3 1 3 2 1 1 2 1 2 1 1 2 1 10 1 2 1 4 1 2 3 3 1 2 1 1 1 2
21 4 2 2 2 3 1 8 1 1 1 2 1 3 1 3 2 1 1 2 1 4 2 1 10 1 2 1 4 1 2 3 3 1 4 1 2
21 4 2 3 1 3 1 8 1 1 1 2 1 3 1 3 2 1 1 2 1 1 1 2 2 1 10 1 2 1 4 1 2 3 3 1 1 1 2 1 2
21 4 3 1 1 2 1 1 1 8 1 1 1 2 1 3 1 3 2 1 1 5 1 2 1 1 10 1 2 1 4 1 2 3 6 1 4
21 4 3 1 1 4 1 8 1 1 1 2 1 3 1 3 2 1 1 5 1 1 2 1 10 1 2 1 4 1 2 3 6 1 1 1 2
21 4 3 1 2 3 1 8 1 1 1 2 1 3 1 3 2 1 1 7 2 1 10 1 2 1 4 1 2 3 8 1 2
21 4 3 2 1 3 1 8 1 1 1 2 1 3 1 3 2 1 1 4 1 2 2 1 10 1 2 1 4 1 2 3 5 1 2 1 2
21 5 1 1 1 1 1 1 1 1 1 2 1 4 1 2 1 10 1 1 3 1 1 1 1 2 2 1 3 1 3 1 2 1 1 1 8 1 1 1 1 1 3 1 3 1 1
21 5 1 1 1 1 1 13 1 1 1 2 1 3 1 2 3 1 1 1 1 3 1 1 13 1 2 1 4 1 1 4 2 1 3 1 1 1 1
21 5 1 1 1 1 1 2 1 10 1 1 1 2 1 3 1 2 3 1 1 1 1 3 1 2 12 1 2 1 4 1 1 4 2 1 3 1 3
21 5 1 1 1 1 2 12 1 1 1 2 1 3 1 2 3 1 1 1 1 5 13 1 2 1 4 1 1 4 2 1 5 1 1
21 5 1 1 1 15 1 1 1 2 1 3 1 2 3 1 1 1 1 2 2 1 13 1 2 1 4 1 1 4 2 1 2 2 1 1 1
21 5 1 1 1 2 1 1 1 10 1 1 1 2 1 3 1 2 3 1 1 1 1 2 1 3 12 1 2 1 4 1 1 4 2 1 2 1 4
21 5 1 1 1 2 1 12 1 1 1 2 1 3 1 2 3 1 1 1 1 2 1 2 13 1 2 1 4 1 1 4 2 1 2 1 2 1 1
21 5 1 1 1 2 1 2 1 7 1 1 1 2 1 3 1 4 1 1 3 3 1 2 2 1 9 1 2 1 4 1 3 2 1 2 3 1 3 1 1
21 5 1 1 1 3 1 1 1 2 1 4 1 2 1 10 1 1 3 1 1 1 2 1 2 1 3 1 3 1 2 1 1 1 8 1 1 1 1 1 3 2 2 1 1
21 5 1 1 1 3 3 2 1 4 1 2 1 10 1 1 3 1 1 1 2 1 1 2 3 1 3 1 2 1 1 1 8 1 1 1 1 1 3 2 4
21 5 1 1 1 4 1 10 1 1 1 2 1 3 1 2 3 1 1 1 1 2 2 2 12 1 2 1 4 1 1 4 2 1 2 2 3
21 5 1 1 1 4 2 7 1 1 1 2 1 3 1 4 1 1 3 3 1 1 2 2 9 1 2 1 4 1 3 2 1 2 3 1 1 1 3
21 5 1 1 1 5 1 7 1 1 1 2 1 3 1 4 1 1 3 3 1 1 3 1 9 1 2 1 4 1 3 2 1 2 3 1 1 1 1 1 1
21 5 1 1 2 1 1 2 1 7 1 1 1 2 1 3 1 4 1 1 3 6 2 1 9 1 2 1 4 1 3 2 1 2 7 1 1
21 5 1 1 2 2 1 1 1 2 1 4 1 2 1 10 1 1 3 1 1 2 1 1 2 1 3 1 3 1 2 1 1 1 8 1 1 1 1 1 4 1 2 1 1
21 5 1 1 2 2 3 2 1 4 1 2 1 10 1 1 3 1 1 2 1 1 1 2 3 1 3 1 2 1 1 1 8 1 1 1 1 1 4 1 4
21 5 1 1 2 3 2 7 1 1 1 2 1 3 1 4 1 1 3 5 2 2 9 1 2 1 4 1 3 2 1 2 5 1 3
21 5 1 1 2 4 1 7 1 1 1 2 1 3 1 4 1 1 3 5 3 1 9 1 2 1 4 1 3 2 1 2 5 1 1 1 1
21 5 1 1 3 1 1 1 1 2 1 4 1 2 1 10 1 1 3 1 1 4 2 1 3 1 3 1 2 1 1 1 8 1 1 1 1 1 7 1 1
21 5 1 17 1 1 1 2 1 3 1 2 3 1 1 1 2 1 2 1 13 1 2 1 4 1 1 4 2 2 1 2 1 1 1
21 5 1 2 1 1 1 2 1 7 1 1 1 2 1 3 1 4 1 1 3 2 1 3 2 1 9 1 2 1 4 1 3 2 1 2 2 1 4 1 1
21 5 1 2 1 2 1 1 1 2 1 4 1 2 1 10 1 1 3 1 2 1 1 1 2 1 3 1 3 1 2 1 1 1 8 1 1 1 1 1 2 1 1 1 2 1 1
21 5 1 2 1 2 1 1 1 8 1 1 1 2 1 3 1 3 2 1 2 1 1 2 1 2 1 1 10 1 2 1 4 1 2 3 1 1 1 1 2 1 4
21 5 1 2 1 2 3 2 1 4 1 2 1 10 1 1 3 1 2 1 1 1 1 2 3 1 3 1 2 1 1 1 8 1 1 1 1 1 2 1 1 1 4
21 5 1 2 1 3 2 7 1 1 1 2 1 3 1 4 1 1 3 2 1 2 2 2 9 1 2 1 4 1 3 2 1 2 2 1 2 1 3
21 5 1 2 1 4 1 7 1 1 1 2 1 3 1 4 1 1 3 2 1 2 3 1 9 1 2 1 4 1 3 2 1 2 2 1 2 1 1 1 1
21 5 1 2 1 4 1 8 1 1 1 2 1 3 1 3 2 1 2 1 1 2 1 1 2 1 10 1 2 1 4 1 2 3 1 1 1 1 2 1 1 1 2
21 5 1 2 2 1 1 1 1 2 1 4 1 2 1 10 1 1 3 1 2 3 2 1 3 1 3 1 2 1 1 1 8 1 1 1 1 1 2 1 4 1 1
21 5 1 2 2 2 2 3 1 4 1 2 1 9 2 1 2 1 2 2 1 1 1 1 4 1 3 1 2 1 1 1 7 2 1 1 2 1 3 1 3
21 5 1 2 2 3 1 8 1 1 1 2 1 3 1 3 2 1 2 1 1 4 2 1 10 1 2 1 4 1 2 3 1 1 1 1 4 1 2
21 5 1 3 1 1 1 1 1 2 1 4 1 2 1 10 1 1 3 1 3 2 2 1 3 1 3 1 2 1 1 1 8 1 1 1 1 1 2 2 3 1 1
21 5 1 3 1 1 1 1 1 8 1 1 1 2 1 3 1 3 2 1 2 1 1 1 1 3 1 1 10 1 2 1 4 1 2 3 1 1 1 1 1 1 5
21 5 1 3 1 13 1 1 1 2 1 3 1 2 3 1 1 1 2 2 1 1 13 1 2 1 4 1 1 4 2 2 2 1 1 1 1
21 5 1 3 1 2 1 10 1 1 1 2 1 3 1 2 3 1 1 1 2 2 1 2 12 1 2 1 4 1 1 4 2 2 2 1 3
21 5 1 3 1 2 2 3 1 4 1 2 1 9 2 1 2 1 3 1 1 1 1 1 4 1 3 1 2 1 1 1 7 2 1 1 2 1 1 1 1 1 3
21 5 1 3 1 3 1 8 1 1 1 2 1 3 1 3 2 1 2 1 1 1 1 2 2 1 10 1 2 1 4 1 2 3 1 1 1 1 1 1 2 1 2
21 5 1 3 2 1 2 3 1 4 1 2 1 9 2 1 2 1 3 3 1 1 4 1 3 1 2 1 1 1 7 2 1 1 2 1 1 1 5
21 5 1 3 2 12 1 1 1 2 1 3 1 2 3 1 1 1 2 4 13 1 2 1 4 1 1 4 2 2 4 1 1
21 5 1 4 1 1 1 10 1 1 1 2 1 3 1 2 3 1 1 1 2 1 1 3 12 1 2 1 4 1 1 4 2 2 1 1 4
21 5 1 4 1 1 2 3 1 4 1 2 1 9 2 1 2 1 4 2 1 1 4 1 3 1 2 1 1 1 7 2 1 1 2 1 1 2 4
21 5 1 4 1 12 1 1 1 2 1 3 1 2 3 1 1 1 2 1 1 2 13 1 2 1 4 1 1 4 2 2 1 1 2 1 1
21 5 1 5 1 1 1 2 1 4 1 2 1 10 1 1 3 1 4 1 2 1 3 1 3 1 2 1 1 1 8 1 1 1 1 1 2 3 2 1 1
21 5 1 5 3 2 1 4 1 2 1 10 1 1 3 1 4 1 1 2 3 1 3 1 2 1 1 1 8 1 1 1 1 1 2 3 4
21 5 1 6 1 10 1 1 1 2 1 3 1 2 3 1 1 1 2 1 2 2 12 1 2 1 4 1 1 4 2 2 1 2 3
21 5 1 6 2 3 1 4 1 2 1 9 2 1 2 1 5 1 1 1 4 1 3 1 2 1 1 1 7 2 1 1 2 1 1 3 3
21 5 1 6 2 7 1 1 1 2 1 3 1 4 1 1 3 2 2 1 2 2 9 1 2 1 4 1 3 2 1 2 2 2 1 1 3
21 5 1 7 1 7 1 1 1 2 1 3 1 4 1 1 3 2 2 1 3 1 9 1 2 1 4 1 3 2 1 2 2 2 1 1 1 1 1
21 5 2 1 1 2 1 1 1 8 1 1 1 2 1 3 1 3 2 1 2 4 1 2 1 1 10 1 2 1 4 1 2 3 1 1 4 1 4
21 5 2 1 1 4 1 8 1 1 1 2 1 3 1 3 2 1 2 4 1 1 2 1 10 1 2 1 4 1 2 3 1 1 4 1 1 1 2
21 5 2 1 2 2 2 3 1 4 1 2 1 9 2 1 2 2 1 2 1 1 1 1 4 1 3 1 2 1 1 1 7 2 1 1 6 1 3
21 5 2 1 2 3 1 8 1 1 1 2 1 3 1 3 2 1 2 6 2 1 10 1 2 1 4 1 2 3 1 1 6 1 2
21 5 2 16 1 1 1 2 1 3 1 2 3 1 1 2 1 1 2 1 13 1 2 1 4 1 1 4 3 1 1 2 1 1 1
21 5 2 2 1 1 1 1 1 8 1 1 1 2 1 3 1 3 2 1 2 3 1 3 1 1 10 1 2 1 4 1 2 3 1 1 3 1 5
21 5 2 2 1 13 1 1 1 2 1 3 1 2 3 1 1 2 1 2 1 1 13 1 2 1 4 1 1 4 3 1 2 1 1 1 1
21 5 2 2 1 2 1 10 1 1 1 2 1 3 1 2 3 1 1 2 1 2 1 2 12 1 2 1 4 1 1 4 3 1 2 1 3
21 5 2 2 1 2 2 3 1 4 1 2 1 9 2 1 2 2 2 1 1 1 1 1 4 1 3 1 2 1 1 1 7 2 1 1 4 1 1 1 3
21 5 2 2 1 3 1 8 1 1 1 2 1 3 1 3 2 1 2 3 1 2 2 1 10 1 2 1 4 1 2 3 1 1 3 1 2 1 2
21 5 2 2 2 1 2 3 1 4 1 2 1 9 2 1 2 2 2 3 1 1 4 1 3 1 2 1 1 1 7 2 1 1 4 1 5
21 5 2 2 2 12 1 1 1 2 1 3 1 2 3 1 1 2 1 4 13 1 2 1 4 1 1 4 3 1 4 1 1
21 5 2 3 1 1 1 10 1 1 1 2 1 3 1 2 3 1 1 2 1 1 1 3 12 1 2 1 4 1 1 4 3 1 1 1 4
21 5 2 3 1 1 2 3 1 4 1 2 1 9 2 1 2 2 3 2 1 1 4 1 3 1 2 1 1 1 7 2 1 1 4 2 4
21 5 2 3 1 12 1 1 1 2 1 3 1 2 3 1 1 2 1 1 1 2 13 1 2 1 4 1 1 4 3 1 1 1 2 1 1
21 5 2 5 1 10 1 1 1 2 1 3 1 2 3 1 1 2 1 1 2 2 12 1 2 1 4 1 1 4 3 1 1 2 3
21 5 2 5 2 3 1 4 1 2 1 9 2 1 2 2 4 1 1 1 4 1 3 1 2 1 1 1 7 2 1 1 4 3 3
21 5 3 1 1 13 1 1 1 2 1 3 1 2 3 1 1 5 1 1 13 1 2 1 4 1 1 4 6 1 1 1 1
21 5 3 1 1 2 1 10 1 1 1 2 1 3 1 2 3 1 1 5 1 2 12 1 2 1 4 1 1 4 6 1 3
21 5 3 1 2 12 1 1 1 2 1 3 1 2 3 1 1 7 13 1 2 1 4 1 1 4 8 1 1
21 5 3 15 1 1 1 2 1 3 1 2 3 1 1 4 2 1 13 1 2 1 4 1 1 4 5 2 1 1 1
21 5 3 2 1 1 1 10 1 1 1 2 1 3 1 2 3 1 1 4 1 3 12 1 2 1 4 1 1 4 5 1 4
21 5 3 2 1 12 1 1 1 2 1 3 1 2 3 1 1 4 1 2 13 1 2 1 4 1 1 4 5 1 2 1 1
21 5 3 4 1 10 1 1 1 2 1 3 1 2 3 1 1 4 2 2 12 1 2 1 4 1 1 4 5 2 3
21 6 1 1 1 1 1 1 2 1 1 4 1 2 1 12 5 1 1 2 2 2 2 1 3 1 2 1 1 1 10 1 1 2 2 1 3 1 2
21 6 1 1 1 1 1 1 2 3 1 4 1 2 1 9 2 1 3 1 1 1 1 2 1 1 4 1 3 1 2 1 1 1 7 2 1 1 1 1 3 1 4
21 6 1 1 1 1 1 2 1 1 1 4 1 2 1 12 5 1 1 2 3 1 2 1 3 1 2 1 1 1 10 1 1 2 2 1 3 2 1
21 6 1 1 1 1 2 1 1 1 1 4 1 2 1 12 5 1 1 2 1 1 1 1 2 1 3 1 2 1 1 1 10 1 1 2 2 1 4 1 1
21 6 1 1 1 2 1 1 1 8 1 1 1 2 1 3 1 3 2 1 3 3 1 2 1 1 10 1 2 1 4 1 2 3 1 2 3 1 4
21 6 1 1 1 3 2 3 1 4 1 2 1 9 2 1 3 1 1 1 2 1 1 1 4 1 3 1 2 1 1 1 7 2 1 1 1 1 3 2 3
21 6 1 1 1 4 1 8 1 1 1 2 1 3 1 3 2 1 3 3 1 1 2 1 10 1 2 1 4 1 2 3 1 2 3 1 1 1 2
21 6 1 1 2 2 2 3 1 4 1 2 1 9 2 1 3 1 1 2 1 1 1 1 4 1 3 1 2 1 1 1 7 2 1 1 1 1 4 1 3
21 6 1 1 2 3 1 8 1 1 1 2 1 3 1 3 2 1 3 5 2 1 10 1 2 1 4 1 2 3 1 2 5 1 2
21 6 1 16 1 1 1 2 1 3 1 2 3 1 2 1 1 1 2 1 13 1 2 1 4 1 1 4 1 1 1 1 1 2 1 1 1
21 6 1 2 1 1 1 1 1 4 1 4 1 2 1 8 3 1 2 1 2 1 1 2 6 1 3 1 2 1 1 1 6 3 1 1 2 1 2 1 3
21 6 1 2 1 1 1 1 1 6 1 1 1 2 1 3 1 6 4 2 1 2 1 1 1 1 8 1 2 1 4 1 4 1 1 3 2 1 4 1 1
21 6 1 2 1 1 1 1 1 8 1 1 1 2 1 3 1 3 2 1 3 2 1 3 1 1 10 1 2 1 4 1 2 3 1 2 2 1 5
21 6 1 2 1 13 1 1 1 2 1 3 1 2 3 1 2 1 1 2 1 1 13 1 2 1 4 1 1 4 1 1 1 1 2 1 1 1 1
21 6 1 2 1 2 1 10 1 1 1 2 1 3 1 2 3 1 2 1 1 2 1 2 12 1 2 1 4 1 1 4 1 1 1 1 2 1 3
21 6 1 2 1 2 2 3 1 4 1 2 1 9 2 1 3 1 2 1 1 1 1 1 4 1 3 1 2 1 1 1 7 2 1 1 1 1 2 1 1 1 3
21 6 1 2 1 2 2 6 1 1 1 2 1 3 1 6 4 2 1 2 2 2 8 1 2 1 4 1 4 1 1 3 2 1 3 1 2
21 6 1 2 1 3 1 4 1 4 1 2 1 8 3 1 2 1 2 1 2 1 6 1 3 1 2 1 1 1 6 3 1 1 2 1 2 2 2
21 6 1 2 1 3 1 6 1 1 1 2 1 3 1 6 4 2 1 2 3 1 8 1 2 1 4 1 4 1 1 3 2 1 3 2 1
21 6 1 2 1 3 1 8 1 1 1 2 1 3 1 3 2 1 3 2 1 2 2 1 10 1 2 1 4 1 2 3 1 2 2 1 2 1 2
21 6 1 2 2 1 1 10 1 1 1 2 1 3 1 2 3 1 2 1 1 5 12 1 2 1 4 1 1 4 1 1 1 1 6
21 6 1 2 2 1 2 3 1 4 1 2 1 9 2 1 3 1 2 3 1 1 4 1 3 1 2 1 1 1 7 2 1 1 1 1 2 1 5
21 6 1 2 2 12 1 1 1 2 1 3 1 2 3 1 2 1 1 4 13 1 2 1 4 1 1 4 1 1 1 1 4 1 1
21 6 1 2 2 2 1 4 1 4 1 2 1 8 3 1 2 1 2 2 1 1 6 1 3 1 2 1 1 1 6 3 1 1 2 1 3 1 2
21 6 1 2 3 1 1 4 1 4 1 2 1 8 3 1 2 1 2 4 6 1 3 1 2 1 1 1 6 3 1 1 2 1 6
21 6 1 3 1 1 1 10 1 1 1 2 1 3 1 2 3 1 2 1 1 1 1 3 12 1 2 1 4 1 1 4 1 1 1 1 1 1 4
21 6 1 3 1 1 2 1 1 4 1 2 1 12 5 1 2 1 2 2 2 1 3 1 2 1 1 1 10 1 1 2 2 2 2 1 2
21 6 1 3 1 1 2 3 1 4 1 2 1 9 2 1 3 1 3 2 1 1 4 1 3 1 2 1 1 1 7 2 1 1 1 1 2 2 4
21 6 1 3 1 12 1 1 1 2 1 3 1 2 3 1 2 1 1 1 1 2 13 1 2 1 4 1 1 4 1 1 1 1 1 1 2 1 1
21 6 1 3 1 2 1 1 1 4 1 2 1 12 5 1 2 1 3 1 2 1 3 1 2 1 1 1 10 1 1 2 2 2 2 2 1
21 6 1 3 1 2 1 4 1 4 1 2 1 8 3 1 2 1 3 1 1 1 6 1 3 1 2 1 1 1 6 3 1 1 2 1 1 1 1 1 2
21 6 1 3 2 1 1 1 1 4 1 2 1 12 5 1 2 1 1 1 1 1 2 1 3 1 2 1 1 1 10 1 1 2 2 2 3 1 1
21 6 1 3 2 1 1 4 1 4 1 2 1 8 3 1 2 1 3 3 6 1 3 1 2 1 1 1 6 3 1 1 2 1 1 1 4
21 6 1 3 4 1 1 4 1 2 1 12 5 1 2 1 1 3 2 1 3 1 2 1 1 1 10 1 1 2 2 2 5
21 6 1 4 1 1 1 4 1 4 1 2 1 8 3 1 2 1 4 2 6 1 3 1 2 1 1 1 6 3 1 1 2 1 1 2 3
21 6 1 4 1 1 1 6 1 1 1 2 1 3 1 6 4 2 1 1 2 1 1 1 8 1 2 1 4 1 4 1 1 3 2 1 1 1 2 1 1
21 6 1 4 3 6 1 1 1 2 1 3 1 6 4 2 1 1 2 3 8 1 2 1 4 1 4 1 1 3 2 1 1 1 4
21 6 1 5 1 10 1 1 1 2 1 3 1 2 3 1 2 1 1 1 2 2 12 1 2 1 4 1 1 4 1 1 1 1 1 2 3
21 6 1 5 2 3 1 4 1 2 1 9 2 1 3 1 4 1 1 1 4 1 3 1 2 1 1 1 7 2 1 1 1 1 2 3 3
21 6 1 5 2 6 1 1 1 2 1 3 1 6 4 2 1 1 3 2 8 1 2 1 4 1 4 1 1 3 2 1 1 1 1 1 2
21 6 1 6 1 4 1 4 1 2 1 8 3 1 2 1 5 1 6 1 3 1 2 1 1 1 6 3 1 1 2 1 1 3 2
21 6 1 6 1 6 1 1 1 2 1 3 1 6 4 2 1 1 4 1 8 1 2 1 4 1 4 1 1 3 2 1 1 1 1 2 1
21 6 2 1 1 1 1 1 1 4 1 4 1 2 1 8 3 1 2 2 1 1 1 2 6 1 3 1 2 1 1 1 6 3 1 1 5 1 3
21 6 2 1 1 1 1 1 1 6 1 1 1 2 1 3 1 6 4 5 1 1 1 1 8 1 2 1 4 1 4 1 1 3 7 1 1
21 6 2 1 1 13 1 1 1 2 1 3 1 2 3 1 2 4 1 1 13 1 2 1 4 1 1 4 1 1 4 1 1 1 1
21 6 2 1 1 2 1 10 1 1 1 2 1 3 1 2 3 1 2 4 1 2 12 1 2 1 4 1 1 4 1 1 4 1 3
21 6 2 1 1 2 2 6 1 1 1 2 1 3 1 6 4 5 2 2 8 1 2 1 4 1 4 1 1 3 6 1 2
21 6 2 1 1 3 1 4 1 4 1 2 1 8 3 1 2 2 1 1 2 1 6 1 3 1 2 1 1 1 6 3 1 1 5 2 2
21 6 2 1 1 3 1 6 1 1 1 2 1 3 1 6 4 5 3 1 8 1 2 1 4 1 4 1 1 3 6 2 1
21 6 2 1 2 12 1 1 1 2 1 3 1 2 3 1 2 6 13 1 2 1 4 1 1 4 1 1 6 1 1
21 6 2 1 2 2 1 4 1 4 1 2 1 8 3 1 2 2 1 2 1 1 6 1 3 1 2 1 1 1 6 3 1 1 6 1 2
21 6 2 15 1 1 1 2 1 3 1 2 3 1 2 3 2 1 13 1 2 1 4 1 1 4 1 1 3 2 1 1 1
21 6 2 2 1 1 1 10 1 1 1 2 1 3 1 2 3 1 2 3 1 3 12 1 2 1 4 1 1 4 1 1 3 1 4
21 6 2 2 1 1 2 1 1 4 1 2 1 12 5 2 1 1 2 2 2 1 3 1 2 1 1 1 10 1 1 2 3 1 2 1 2
21 6 2 2 1 12 1 1 1 2 1 3 1 2 3 1 2 3 1 2 13 1 2 1 4 1 1 4 1 1 3 1 2 1 1
21 6 2 2 1 2 1 1 1 4 1 2 1 12 5 2 1 1 3 1 2 1 3 1 2 1 1 1 10 1 1 2 3 1 2 2 1
21 6 2 2 1 2 1 4 1 4 1 2 1 8 3 1 2 2 2 1 1 1 6 1 3 1 2 1 1 1 6 3 1 1 4 1 1 1 2
21 6 2 2 2 1 1 1 1 4 1 2 1 12 5 2 1 1 1 1 1 1 2 1 3 1 2 1 1 1 10 1 1 2 3 1 3 1 1
21 6 2 2 2 1 1 4 1 4 1 2 1 8 3 1 2 2 2 3 6 1 3 1 2 1 1 1 6 3 1 1 4 1 4
21 6 2 2 4 1 1 4 1 2 1 12 5 2 1 1 1 3 2 1 3 1 2 1 1 1 10 1 1 2 3 1 5
21 6 2 3 1 1 1 4 1 4 1 2 1 8 3 1 2 2 3 2 6 1 3 1 2 1 1 1 6 3 1 1 4 2 3
21 6 2 3 1 1 1 6 1 1 1 2 1 3 1 6 4 4 2 1 1 1 8 1 2 1 4 1 4 1 1 3 4 1 2 1 1
21 6 2 3 3 6 1 1 1 2 1 3 1 6 4 4 2 3 8 1 2 1 4 1 4 1 1 3 4 1 4
21 6 2 4 1 10 1 1 1 2 1 3 1 2 3 1 2 3 2 2 12 1 2 1 4 1 1 4 1 1 3 2 3
21 6 2 4 2 6 1 1 1 2 1 3 1 6 4 4 3 2 8 1 2 1 4 1 4 1 1 3 4 1 1 1 2
21 6 2 5 1 4 1 4 1 2 1 8 3 1 2 2 4 1 6 1 3 1 2 1 1 1 6 3 1 1 4 3 2
21 6 2 5 1 6 1 1 1 2 1 3 1 6 4 4 4 1 8 1 2 1 4 1 4 1 1 3 4 1 1 2 1
21 6 3 1 1 1 2 1 1 4 1 2 1 12 5 4 2 2 2 1 3 1 2 1 1 1 10 1 1 2 6 1 2
21 6 3 1 1 2 1 1 1 4 1 2 1 12 5 4 3 1 2 1 3 1 2 1 1 1 10 1 1 2 6 2 1
21 6 3 1 2 1 1 1 1 4 1 2 1 12 5 4 1 1 1 1 2 1 3 1 2 1 1 1 10 1 1 2 7 1 1
21 7 1 1 1 1 1 1 1 2 1 4 1 2 1 10 1 1 5 1 1 2 2 1 3 1 3 1 2 1 1 1 8 1 1 1 1 2 2 1 3 1 1
21 7 1 1 1 1 1 1 1 4 1 4 1 2 1 8 3 1 3 1 1 1 1 2 6 1 3 1 2 1 1 1 6 3 1 1 1 1 3 1 3
21 7 1 1 1 1 1 1 1 6 1 1 1 2 1 3 1 6 4 1 1 3 1 1 1 1 8 1 2 1 4 1 4 1 1 3 1 1 5 1 1
21 7 1 1 1 1 3 2 1 4 1 2 1 10 1 1 5 1 1 2 1 2 3 1 3 1 2 1 1 1 8 1 1 1 1 2 2 1 5
21 7 1 1 1 13 1 1 1 2 1 3 1 2 3 1 3 3 1 1 13 1 2 1 4 1 1 4 1 2 3 1 1 1 1
21 7 1 1 1 2 1 10 1 1 1 2 1 3 1 2 3 1 3 3 1 2 12 1 2 1 4 1 1 4 1 2 3 1 3
21 7 1 1 1 2 2 6 1 1 1 2 1 3 1 6 4 1 1 3 2 2 8 1 2 1 4 1 4 1 1 3 1 1 4 1 2
21 7 1 1 1 3 1 4 1 4 1 2 1 8 3 1 3 1 1 1 2 1 6 1 3 1 2 1 1 1 6 3 1 1 1 1 3 2 2
21 7 1 1 1 3 1 6 1 1 1 2 1 3 1 6 4 1 1 3 3 1 8 1 2 1 4 1 4 1 1 3 1 1 4 2 1
21 7 1 1 2 12 1 1 1 2 1 3 1 2 3 1 3 5 13 1 2 1 4 1 1 4 1 2 5 1 1
21 7 1 1 2 2 1 4 1 4 1 2 1 8 3 1 3 1 1 2 1 1 6 1 3 1 2 1 1 1 6 3 1 1 1 1 4 1 2
21 7 1 1 3 1 1 4 1 4 1 2 1 8 3 1 3 1 1 4 6 1 3 1 2 1 1 1 6 3 1 1 1 1 7
21 7 1 15 1 1 1 2 1 3 1 2 3 1 3 2 2 1 13 1 2 1 4 1 1 4 1 2 2 2 1 1 1
21 7 1 2 1 1 1 10 1 1 1 2 1 3 1 2 3 1 3 2 1 3 12 1 2 1 4 1 1 4 1 2 2 1 4
21 7 1 2 1 1 2 1 1 4 1 2 1 12 6 1 1 1 2 2 2 1 3 1 2 1 1 1 10 1 1 2 1 1 1 1 2 1 2
21 7 1 2 1 12 1 1 1 2 1 3 1 2 3 1 3 2 1 2 13 1 2 1 4 1 1 4 1 2 2 1 2 1 1
21 7 1 2 1 2 1 1 1 4 1 2 1 12 6 1 1 1 3 1 2 1 3 1 2 1 1 1 10 1 1 2 1 1 1 1 2 2 1
21 7 1 2 1 2 1 4 1 4 1 2 1 8 3 1 3 1 2 1 1 1 6 1 3 1 2 1 1 1 6 3 1 1 1 1 2 1 1 1 2
21 7 1 2 2 1 1 1 1 4 1 2 1 12 6 1 1 1 1 1 1 1 2 1 3 1 2 1 1 1 10 1 1 2 1 1 1 1 3 1 1
21 7 1 2 2 1 1 4 1 4 1 2 1 8 3 1 3 1 2 3 6 1 3 1 2 1 1 1 6 3 1 1 1 1 2 1 4
21 7 1 2 4 1 1 4 1 2 1 12 6 1 1 1 1 3 2 1 3 1 2 1 1 1 10 1 1 2 1 1 1 1 5
21 7 1 3 1 1 1 2 1 4 1 2 1 10 1 1 5 1 2 1 2 1 3 1 3 1 2 1 1 1 8 1 1 1 1 2 2 2 2 1 1
21 7 1 3 1 1 1 4 1 4 1 2 1 8 3 1 3 1 3 2 6 1 3 1 2 1 1 1 6 3 1 1 1 1 2 2 3
21 7 1 3 1 1 1 6 1 1 1 2 1 3 1 6 4 1 1 2 2 1 1 1 8 1 2 1 4 1 4 1 1 3 1 1 2 1 2 1 1
21 7 1 3 3 2 1 4 1 2 1 10 1 1 5 1 2 1 1 2 3 1 3 1 2 1 1 1 8 1 1 1 1 2 2 2 4
21 7 1 3 3 6 1 1 1 2 1 3 1 6 4 1 1 2 2 3 8 1 2 1 4 1 4 1 1 3 1 1 2 1 4
21 7 1 4 1 10 1 1 1 2 1 3 1 2 3 1 3 2 2 2 12 1 2 1 4 1 1 4 1 2 2 2 3
21 7 1 4 2 6 1 1 1 2 1 3 1 6 4 1 1 2 3 2 8 1 2 1 4 1 4 1 1 3 1 1 2 1 1 1 2
21 7 1 5 1 4 1 4 1 2 1 8 3 1 3 1 4 1 6 1 3 1 2 1 1 1 6 3 1 1 1 1 2 3 2
21 7 1 5 1 6 1 1 1 2 1 3 1 6 4 1 1 2 4 1 8 1 2 1 4 1 4 1 1 3 1 1 2 1 1 2 1
21 7 2 1 1 1 2 1 1 4 1 2 1 12 6 3 2 2 2 1 3 1 2 1 1 1 10 1 1 2 1 1 4 1 2
21 7 2 1 1 2 1 1 1 4 1 2 1 12 6 3 3 1 2 1 3 1 2 1 1 1 10 1 1 2 1 1 4 2 1
21 7 2 1 1 2 1 7 1 1 1 2 1 3 1 4 1 1 4 5 2 1 9 1 2 1 4 1 3 2 1 3 6 1 1
21 7 2 1 2 1 1 1 1 4 1 2 1 12 6 3 1 1 1 1 2 1 3 1 2 1 1 1 10 1 1 2 1 1 5 1 1
21 7 2 1 4 1 1 4 1 2 1 12 6 3 1 3 2 1 3 1 2 1 1 1 10 1 1 2 1 1 7
21 7 2 2 1 1 1 2 1 4 1 2 1 10 1 1 5 2 1 1 2 1 3 1 3 1 2 1 1 1 8 1 1 1 1 2 3 1 2 1 1
21 7 2 2 3 2 1 4 1 2 1 10 1 1 5 2 1 1 1 2 3 1 3 1 2 1 1 1 8 1 1 1 1 2 3 1 4
21 7 2 3 2 7 1 1 1 2 1 3 1 4 1 1 4 4 2 2 9 1 2 1 4 1 3 2 1 3 4 1 3
21 7 2 4 1 7 1 1 1 2 1 3 1 4 1 1 4 4 3 1 9 1 2 1 4 1 3 2 1 3 4 1 1 1 1
21 7 3 1 1 1 1 2 1 4 1 2 1 10 1 1 5 4 2 1 3 1 3 1 2 1 1 1 8 1 1 1 1 2 6 1 1
21 8 1 1 1 1 2 1 1 4 1 2 1 12 7 2 2 2 2 1 3 1 2 1 1 1 10 1 1 2 1 2 3 1 2
21 8 1 1 1 1 2 3 1 4 1 2 1 9 2 1 5 1 1 2 1 1 4 1 3 1 2 1 1 1 7 2 1 1 1 2 2 1 4
21 8 1 1 1 1 2 7 1 1 1 2 1 3 1 4 1 1 4 1 1 3 1 2 9 1 2 1 4 1 3 2 1 3 1 1 6
21 8 1 1 1 2 1 1 1 4 1 2 1 12 7 2 3 1 2 1 3 1 2 1 1 1 10 1 1 2 1 2 3 2 1
21 8 1 1 1 2 1 7 1 1 1 2 1 3 1 4 1 1 4 1 1 3 2 1 9 1 2 1 4 1 3 2 1 3 1 1 4 1 1
21 8 1 1 2 1 1 1 1 4 1 2 1 12 7 2 1 1 1 1 2 1 3 1 2 1 1 1 10 1 1 2 1 2 4 1 1
21 8 1 1 4 1 1 4 1 2 1 12 7 2 1 3 2 1 3 1 2 1 1 1 10 1 1 2 1 2 6
21 8 1 2 1 1 1 2 1 4 1 2 1 10 1 1 6 1 1 1 2 1 3 1 3 1 2 1 1 1 8 1 1 1 1 2 1 1 1 1 2 1 1
21 8 1 2 1 1 1 8 1 1 1 2 1 3 1 3 2 1 4 2 1 2 1 1 10 1 2 1 4 1 2 3 1 3 2 1 4
21 8 1 2 3 2 1 4 1 2 1 10 1 1 6 1 1 1 1 2 3 1 3 1 2 1 1 1 8 1 1 1 1 2 1 1 1 1 4
21 8 1 3 2 3 1 4 1 2 1 9 2 1 5 1 2 1 1 1 4 1 3 1 2 1 1 1 7 2 1 1 1 2 2 2 3
21 8 1 3 2 7 1 1 1 2 1 3 1 4 1 1 4 1 1 2 2 2 9 1 2 1 4 1 3 2 1 3 1 1 2 1 3
21 8 1 4 1 7 1 1 1 2 1 3 1 4 1 1 4 1 1 2 3 1 9 1 2 1 4 1 3 2 1 3 1 1 2 1 1 1 1
21 8 1 4 1 8 1 1 1 2 1 3 1 3 2 1 4 2 1 1 2 1 10 1 2 1 4 1 2 3 1 3 2 1 1 1 2
21 8 2 1 1 1 1 2 1 4 1 2 1 10 1 1 6 3 2 1 3 1 3 1 2 1 1 1 8 1 1 1 1 2 1 1 4 1 1
21 8 2 1 1 1 1 8 1 1 1 2 1 3 1 3 2 1 4 5 1 1 10 1 2 1 4 1 2 3 1 3 7
21 8 2 1 3 2 1 4 1 2 1 10 1 1 6 3 1 2 3 1 3 1 2 1 1 1 8 1 1 1 1 2 1 1 6
21 8 2 2 2 3 1 4 1 2 1 9 2 1 5 2 1 1 1 1 4 1 3 1 2 1 1 1 7 2 1 1 1 2 3 1 3
21 8 2 3 1 8 1 1 1 2 1 3 1 3 2 1 4 4 2 1 10 1 2 1 4 1 2 3 1 3 4 1 2
21 8 3 1 2 3 1 4 1 2 1 9 2 1 5 4 1 1 4 1 3 1 2 1 1 1 7 2 1 1 1 2 7
21 9 1 1 1 1 1 2 1 4 1 2 1 10 1 1 7 2 2 1 3 1 3 1 2 1 1 1 8 1 1 1 1 2 1 2 3 1 1
21 9 1 1 1 1 1 4 1 4 1 2 1 8 3 1 5 1 1 2 6 1 3 1 2 1 1 1 6 3 1 1 1 2 2 1 3
21 9 1 1 1 1 1 6 1 1 1 2 1 3 1 6 4 1 2 2 1 1 1 1 8 1 2 1 4 1 4 1 1 3 1 2 4 1 1
21 9 1 1 1 1 1 8 1 1 1 2 1 3 1 3 2 1 4 1 1 3 1 1 10 1 2 1 4 1 2 3 1 3 1 1 5
21 9 1 1 3 2 1 4 1 2 1 10 1 1 7 2 1 2 3 1 3 1 2 1 1 1 8 1 1 1 1 2 1 2 5
21 9 1 1 3 6 1 1 1 2 1 3 1 6 4 1 2 2 1 3 8 1 2 1 4 1 4 1 1 3 1 2 6
21 9 1 13 1 1 1 2 1 3 1 2 3 1 4 2 1 1 13 1 2 1 4 1 1 4 1 3 2 1 1 1 1
21 9 1 2 1 10 1 1 1 2 1 3 1 2 3 1 4 2 1 2 12 1 2 1 4 1 1 4 1 3 2 1 3
21 9 1 2 2 3 1 4 1 2 1 9 2 1 6 1 1 1 1 1 4 1 3 1 2 1 1 1 7 2 1 1 1 2 1 1 1 1 3
21 9 1 2 2 6 1 1 1 2 1 3 1 6 4 1 2 2 2 2 8 1 2 1 4 1 4 1 1 3 1 2 3 1 2
21 9 1 3 1 4 1 4 1 2 1 8 3 1 5 1 2 1 6 1 3 1 2 1 1 1 6 3 1 1 1 2 2 2 2
21 9 1 3 1 6 1 1 1 2 1 3 1 6 4 1 2 2 3 1 8 1 2 1 4 1 4 1 1 3 1 2 3 2 1
21 9 1 3 1 8 1 1 1 2 1 3 1 3 2 1 4 1 1 2 2 1 10 1 2 1 4 1 2 3 1 3 1 1 2 1 2
21 9 2 1 1 10 1 1 1 2 1 3 1 2 3 1 4 5 12 1 2 1 4 1 1 4 1 3 6
21 9 2 1 2 3 1 4 1 2 1 9 2 1 6 3 1 1 4 1 3 1 2 1 1 1 7 2 1 1 1 2 1 1 5
21 9 2 12 1 1 1 2 1 3 1 2 3 1 4 4 13 1 2 1 4 1 1 4 1 3 4 1 1
21 9 2 2 1 4 1 4 1 2 1 8 3 1 5 2 1 1 6 1 3 1 2 1 1 1 6 3 1 1 1 2 3 1 2
21 9 3 1 1 4 1 4 1 2 1 8 3 1 5 4 6 1 3 1 2 1 1 1 6 3 1 1 1 2 6